2019-07-14T04:00, 10732.66, 10816.67, 10726.04, 10790.02, n/a
2019-07-14T04:15, 10790.0, 10815.0, 10700.0, 10738.58, n/a
2019-07-14T04:30, 10739.67, 10752.93, 10640.65, 10677.31, n/a
2019-07-14T04:45, 10683.67, 10699.3, 10505.0, 10681.52, n/a
2019-07-14T05:00, 10680.0, 10749.63, 10606.0, 10646.99, n/a
2019-07-14T05:15, 10649.84, 10675.29, 10559.58, 10651.25, n/a
2019-07-14T05:30, 10648.15, 10741.8, 10615.0, 10662.42, n/a
2019-07-14T05:45, 10661.13, 10751.1, 10660.49, 10698.21, n/a
2019-07-14T06:00, 10697.27, 10750.0, 10677.0, 10737.66, 10698.217777777776
2019-07-14T06:15, 10737.55, 10740.55, 10655.66, 10675.43, 10685.485555555555
2019-07-14T06:30, 10675.39, 10695.0, 10623.4, 10643.99, 10674.975555555557
2019-07-14T06:45, 10644.0, 10658.56, 10505.0, 10640.0, 10670.830000000002
2019-07-14T07:00, 10640.0, 10675.51, 10543.0, 10652.98, 10667.658888888887
2019-07-14T07:15, 10653.02, 10698.28, 10595.98, 10698.28, 10673.357777777775
2019-07-14T07:30, 10698.11, 10711.51, 10636.13, 10668.59, 10675.284444444444
2019-07-14T07:45, 10667.12, 10668.32, 10580.0, 10614.63, 10669.974444444444
2019-07-14T08:00, 10612.84, 10630.0, 10535.0, 10555.89, 10654.16111111111
2019-07-14T08:15, 10555.89, 10622.96, 10531.52, 10595.09, 10638.32
2019-07-14T08:30, 10595.17, 10629.21, 10500.0, 10500.0, 10618.827777777777
2019-07-14T08:45, 10500.0, 10518.02, 10295.0, 10413.12, 10593.175555555556
2019-07-14T09:00, 10413.18, 10478.01, 10363.9, 10405.01, 10567.065555555555
2019-07-14T09:15, 10401.74, 10419.43, 10335.03, 10354.15, 10533.86222222222
2019-07-14T09:30, 10353.21, 10450.0, 10345.73, 10419.75, 10502.914444444445
2019-07-14T09:45, 10419.72, 10612.48, 10403.01, 10572.03, 10492.185555555556
2019-07-14T10:00, 10572.1, 10647.1, 10520.16, 10626.98, 10493.557777777778
2019-07-14T10:15, 10626.99, 10686.87, 10580.94, 10620.29, 10500.713333333335
2019-07-14T10:30, 10620.0, 10640.0, 10545.0, 10608.93, 10502.251111111113
2019-07-14T10:45, 10605.89, 10632.64, 10558.0, 10575.6, 10510.65111111111
2019-07-14T11:00, 10575.63, 10605.0, 10427.0, 10499.46, 10520.244444444446
2019-07-14T11:15, 10499.46, 10508.15, 10414.41, 10469.78, 10527.441111111111
2019-07-14T11:30, 10471.49, 10472.85, 10312.0, 10362.7, 10528.391111111112
2019-07-14T11:45, 10363.29, 10529.96, 10357.57, 10477.58, 10534.816666666668
2019-07-14T12:00, 10476.51, 10519.99, 10411.13, 10510.0, 10527.924444444445
2019-07-14T12:15, 10508.59, 10552.95, 10430.4, 10448.93, 10508.14111111111
2019-07-14T12:30, 10447.73, 10478.43, 10388.0, 10434.1, 10487.453333333335
2019-07-14T12:45, 10430.94, 10499.21, 10430.0, 10488.17, 10474.035555555554
2019-07-14T13:00, 10488.17, 10550.0, 10410.0, 10461.49, 10461.356666666667
2019-07-14T13:15, 10463.6, 10529.79, 10368.0, 10483.1, 10459.538888888892
2019-07-14T13:30, 10482.7, 10634.45, 10440.7, 10594.81, 10473.431111111111
2019-07-14T13:45, 10596.01, 10733.37, 10596.01, 10632.89, 10503.452222222222
2019-07-14T14:00, 10632.92, 10683.73, 10606.69, 10623.91, 10519.71111111111
2019-07-14T14:15, 10623.4, 10666.86, 10539.89, 10576.14, 10527.06
2019-07-14T14:30, 10574.53, 10660.0, 10562.6, 10639.96, 10548.285555555556
2019-07-14T14:45, 10639.97, 10711.92, 10630.0, 10656.85, 10573.035555555556
2019-07-14T15:00, 10656.02, 10682.19, 10585.9, 10655.29, 10591.604444444445
2019-07-14T15:15, 10652.43, 10655.29, 10602.05, 10631.43, 10610.486666666668
2019-07-14T15:30, 10633.38, 10658.09, 10554.0, 10575.32, 10620.733333333334
2019-07-14T15:45, 10573.46, 10578.01, 10480.27, 10490.28, 10609.11888888889
2019-07-14T16:00, 10490.0, 10490.0, 10400.0, 10473.64, 10591.424444444443
2019-07-14T16:15, 10468.11, 10473.64, 10340.2, 10398.47, 10566.375555555556
2019-07-14T16:30, 10399.83, 10460.26, 10210.0, 10226.48, 10527.524444444443
2019-07-14T16:45, 10226.45, 10230.02, 10103.0, 10174.18, 10475.771111111111
2019-07-14T17:00, 10174.18, 10200.0, 10026.0, 10042.86, 10407.55
2019-07-14T17:15, 10045.79, 10149.99, 9910.0, 9933.04, 10327.299999999997
2019-07-14T17:30, 9933.05, 10115.0, 9900.0, 10054.12, 10263.154444444446
2019-07-14T17:45, 10053.1, 10110.0, 10005.0, 10008.21, 10200.142222222223
2019-07-14T18:00, 10005.07, 10107.69, 9990.01, 10066.44, 10153.048888888889
2019-07-14T18:15, 10070.35, 10149.43, 10057.0, 10101.39, 10111.687777777777
2019-07-14T18:30, 10102.0, 10103.99, 10023.36, 10079.19, 10076.212222222222
2019-07-14T18:45, 10076.99, 10081.1, 9974.45, 10037.69, 10055.235555555557
2019-07-14T19:00, 10037.32, 10050.0, 9919.36, 9945.82, 10029.862222222224
2019-07-14T19:15, 9945.82, 10091.78, 9860.0, 10051.24, 10030.793333333333
2019-07-14T19:30, 10051.24, 10073.04, 9980.0, 10007.74, 10039.093333333336
2019-07-14T19:45, 10004.73, 10110.98, 9997.1, 10103.55, 10044.585555555557
2019-07-14T20:00, 10104.99, 10214.27, 10066.01, 10190.75, 10064.86777777778
2019-07-14T20:15, 10189.24, 10266.39, 10134.86, 10254.85, 10085.802222222223
2019-07-14T20:30, 10254.85, 10262.9, 10163.9, 10181.4, 10094.692222222222
2019-07-14T20:45, 10181.4, 10267.84, 10156.8, 10244.81, 10113.094444444443
2019-07-14T21:00, 10244.49, 10288.0, 10190.0, 10255.01, 10137.241111111109
2019-07-14T21:15, 10255.01, 10288.46, 10181.3, 10193.22, 10164.73
2019-07-14T21:30, 10193.29, 10198.33, 10158.21, 10180.05, 10179.042222222222
2019-07-14T21:45, 10180.02, 10229.88, 10150.0, 10157.72, 10195.706666666667
2019-07-14T22:00, 10157.9, 10186.49, 10051.0, 10091.77, 10194.397777777778
2019-07-14T22:15, 10090.25, 10140.0, 10060.19, 10135.95, 10188.308888888889
2019-07-14T22:30, 10136.14, 10162.32, 10103.38, 10159.51, 10177.715555555556
2019-07-14T22:45, 10162.32, 10192.39, 10145.95, 10172.5, 10176.726666666666
2019-07-14T23:00, 10171.57, 10203.29, 10111.5, 10141.77, 10165.277777777777
2019-07-14T23:15, 10140.75, 10168.88, 10081.44, 10102.02, 10148.27888888889
2019-07-14T23:30, 10100.78, 10215.51, 10068.43, 10175.99, 10146.364444444445
2019-07-14T23:45, 10176.48, 10198.35, 10129.86, 10155.62, 10143.650000000001
2019-07-15T00:00, 10152.23, 10299.67, 10152.23, 10264.93, 10155.562222222223
2019-07-15T00:15, 10267.03, 10327.0, 10234.8, 10234.99, 10171.475555555557
2019-07-15T00:30, 10234.99, 10299.0, 10232.78, 10260.43, 10185.306666666667
2019-07-15T00:45, 10261.65, 10344.82, 10261.37, 10322.7, 10203.438888888888
2019-07-15T01:00, 10322.7, 10333.68, 10240.65, 10242.33, 10211.197777777777
2019-07-15T01:15, 10244.5, 10273.09, 10215.47, 10261.0, 10224.445555555556
2019-07-15T01:30, 10260.97, 10279.76, 10215.47, 10254.8, 10241.421111111113
2019-07-15T01:45, 10254.71, 10256.82, 10157.98, 10185.02, 10242.424444444445
2019-07-15T02:00, 10187.62, 10236.83, 10127.1, 10232.03, 10250.914444444446
2019-07-15T02:15, 10232.75, 10285.28, 10229.21, 10251.96, 10249.473333333335
2019-07-15T02:30, 10251.96, 10275.0, 10221.9, 10247.18, 10250.827777777777
2019-07-15T02:45, 10247.58, 10379.88, 10242.64, 10319.32, 10257.371111111112
2019-07-15T03:00, 10319.34, 10372.8, 10314.21, 10316.47, 10256.678888888891
2019-07-15T03:15, 10317.55, 10324.0, 10284.74, 10322.83, 10265.623333333333
2019-07-15T03:30, 10324.0, 10325.0, 10266.85, 10291.58, 10269.021111111111
2019-07-15T03:45, 10291.58, 10327.72, 10271.52, 10276.16, 10271.394444444444
2019-07-15T04:00, 10276.05, 10299.99, 10250.0, 10282.28, 10282.201111111111
2019-07-15T04:15, 10282.96, 10340.0, 10280.43, 10316.93, 10291.634444444444
2019-07-15T04:30, 10316.78, 10389.06, 10306.87, 10348.38, 10302.347777777779
2019-07-15T04:45, 10347.85, 10351.22, 10285.83, 10298.05, 10308.000000000002
2019-07-15T05:00, 10299.23, 10323.5, 10271.02, 10300.0, 10305.853333333333
2019-07-15T05:15, 10300.94, 10300.94, 10187.12, 10193.56, 10292.196666666665
2019-07-15T05:30, 10189.44, 10243.57, 10154.91, 10164.01, 10274.549999999997
2019-07-15T05:45, 10164.01, 10208.91, 10092.49, 10100.37, 10253.304444444444
2019-07-15T06:00, 10100.0, 10150.31, 10082.0, 10088.64, 10232.468888888887
2019-07-15T06:15, 10088.64, 10198.0, 10059.24, 10175.11, 10220.561111111112
2019-07-15T06:30, 10175.01, 10221.99, 10151.25, 10214.05, 10209.130000000001
2019-07-15T06:45, 10213.06, 10397.99, 10190.43, 10376.76, 10212.283333333333
2019-07-15T07:00, 10375.17, 10568.28, 10371.38, 10499.97, 10234.718888888889
2019-07-15T07:15, 10499.37, 10595.18, 10487.2, 10557.95, 10263.38
2019-07-15T07:30, 10555.36, 10574.36, 10487.2, 10505.59, 10298.05
2019-07-15T07:45, 10506.16, 10563.93, 10503.76, 10541.49, 10339.992222222223
2019-07-15T08:00, 10540.86, 10584.76, 10508.36, 10515.8, 10386.15111111111
2019-07-15T08:15, 10515.2, 10535.0, 10463.0, 10526.99, 10434.856666666667
2019-07-15T08:30, 10525.46, 10589.0, 10475.7, 10569.0, 10478.62222222222
2019-07-15T08:45, 10569.25, 10615.0, 10532.9, 10569.22, 10518.085555555555
2019-07-15T09:00, 10569.99, 10610.0, 10471.47, 10528.97, 10534.997777777779
2019-07-15T09:15, 10527.07, 10601.0, 10508.0, 10577.42, 10543.603333333333
2019-07-15T09:30, 10576.86, 10645.33, 10557.03, 10621.95, 10550.714444444444
2019-07-15T09:45, 10622.0, 10673.44, 10591.94, 10645.35, 10566.243333333334
2019-07-15T10:00, 10647.51, 10656.94, 10590.47, 10597.91, 10572.512222222223
2019-07-15T10:15, 10597.91, 10616.0, 10561.51, 10577.89, 10579.411111111112
2019-07-15T10:30, 10578.58, 10614.52, 10547.02, 10554.96, 10582.518888888888
2019-07-15T10:45, 10558.65, 10560.0, 10423.01, 10424.74, 10566.489999999998
2019-07-15T11:00, 10424.74, 10477.0, 10371.0, 10465.25, 10554.937777777779
2019-07-15T11:15, 10465.26, 10800.0, 10460.06, 10742.77, 10578.693333333335
2019-07-15T11:30, 10742.77, 10876.07, 10723.95, 10841.78, 10608.066666666668
2019-07-15T11:45, 10834.59, 10940.0, 10801.79, 10903.12, 10639.307777777776
2019-07-15T12:00, 10903.11, 10919.89, 10801.01, 10869.32, 10664.193333333333
2019-07-15T12:15, 10869.32, 10956.0, 10866.2, 10879.55, 10695.486666666666
2019-07-15T12:30, 10875.05, 10908.4, 10808.35, 10822.81, 10722.7
2019-07-15T12:45, 10820.84, 10876.5, 10810.0, 10844.45, 10754.865555555554
2019-07-15T13:00, 10844.99, 10924.53, 10841.15, 10861.61, 10803.406666666668
2019-07-15T13:15, 10864.99, 10947.99, 10849.61, 10874.97, 10848.931111111111
2019-07-15T13:30, 10874.97, 10889.96, 10769.39, 10785.25, 10853.65111111111
2019-07-15T13:45, 10785.25, 10869.02, 10751.02, 10811.46, 10850.282222222224
2019-07-15T14:00, 10811.46, 10844.11, 10776.85, 10815.51, 10840.547777777778
2019-07-15T14:15, 10816.08, 10890.15, 10805.0, 10812.02, 10834.181111111111
2019-07-15T14:30, 10812.66, 10850.0, 10764.65, 10811.38, 10826.606666666667
2019-07-15T14:45, 10813.24, 10818.34, 10730.33, 10737.06, 10817.07888888889
2019-07-15T15:00, 10738.17, 10809.99, 10732.17, 10794.28, 10811.504444444445
2019-07-15T15:15, 10794.3, 10833.0, 10747.26, 10796.8, 10804.303333333335
2019-07-15T15:30, 10794.05, 10870.98, 10794.05, 10840.5, 10800.473333333335
2019-07-15T15:45, 10839.01, 10925.0, 10818.51, 10919.74, 10815.416666666666
2019-07-15T16:00, 10918.84, 11066.0, 10893.56, 11038.91, 10840.688888888888
2019-07-15T16:15, 11040.0, 11100.0, 10911.45, 10934.84, 10853.947777777777
2019-07-15T16:30, 10934.41, 10945.88, 10848.91, 10932.4, 10867.323333333332
2019-07-15T16:45, 10936.15, 10936.75, 10803.7, 10838.72, 10870.36111111111
2019-07-15T17:00, 10833.78, 10954.18, 10801.92, 10947.5, 10893.743333333332
2019-07-15T17:15, 10953.99, 10966.3, 10868.25, 10894.15, 10904.839999999998
2019-07-15T17:30, 10894.77, 10933.37, 10874.06, 10877.32, 10913.786666666665
2019-07-15T17:45, 10876.0, 10940.74, 10873.39, 10910.15, 10921.525555555556
2019-07-15T18:00, 10909.04, 11012.67, 10909.0, 11007.38, 10931.263333333332
2019-07-15T18:15, 11007.51, 11028.0, 10914.05, 10946.12, 10920.953333333333
2019-07-15T18:30, 10945.15, 10945.15, 10875.62, 10915.05, 10918.754444444443
2019-07-15T18:45, 10915.04, 10961.89, 10900.0, 10911.85, 10916.471111111112
2019-07-15T19:00, 10915.19, 10918.72, 10811.81, 10856.77, 10918.476666666667
2019-07-15T19:15, 10857.56, 10859.84, 10760.63, 10808.61, 10903.044444444446
2019-07-15T19:30, 10808.61, 10856.0, 10760.4, 10775.02, 10889.80777777778
2019-07-15T19:45, 10775.01, 10798.97, 10668.82, 10744.37, 10875.035555555554
2019-07-15T20:00, 10744.9, 10814.73, 10720.0, 10772.17, 10859.704444444444
2019-07-15T20:15, 10772.63, 10825.49, 10756.8, 10791.44, 10835.71111111111
2019-07-15T20:30, 10792.56, 10794.29, 10651.01, 10651.01, 10802.921111111113
2019-07-15T20:45, 10656.4, 10702.11, 10625.4, 10694.64, 10778.43111111111
2019-07-15T21:00, 10694.1, 10694.23, 10601.98, 10675.06, 10752.121111111112
2019-07-15T21:15, 10675.68, 10698.54, 10605.0, 10688.15, 10733.385555555556
2019-07-15T21:30, 10688.2, 10771.03, 10660.93, 10770.07, 10729.103333333333
2019-07-15T21:45, 10770.02, 10806.18, 10726.3, 10748.14, 10726.116666666667
2019-07-15T22:00, 10746.1, 10747.52, 10673.08, 10682.54, 10719.246666666666
2019-07-15T22:15, 10682.54, 10722.08, 10663.38, 10686.37, 10709.713333333335
2019-07-15T22:30, 10686.37, 10750.0, 10660.58, 10748.24, 10704.913333333334
2019-07-15T22:45, 10743.2, 10797.97, 10721.47, 10752.21, 10716.157777777778
2019-07-15T23:00, 10752.21, 10768.67, 10703.24, 10745.77, 10721.83888888889
2019-07-15T23:15, 10745.77, 10788.15, 10694.01, 10698.45, 10724.437777777777
2019-07-15T23:30, 10699.56, 10735.98, 10673.09, 10715.85, 10727.515555555556
2019-07-15T23:45, 10715.86, 10725.0, 10670.0, 10683.08, 10717.85
2019-07-16T00:00, 10685.24, 10710.45, 10643.64, 10669.73, 10709.137777777778
2019-07-16T00:15, 10668.98, 10678.46, 10530.0, 10552.53, 10694.69222222222
2019-07-16T00:30, 10551.91, 10684.89, 10460.0, 10645.0, 10690.095555555556
2019-07-16T00:45, 10644.98, 10764.6, 10630.51, 10717.04, 10686.628888888888
2019-07-16T01:00, 10718.53, 10773.72, 10715.0, 10730.48, 10684.214444444446
2019-07-16T01:15, 10730.45, 10758.82, 10708.37, 10719.47, 10681.29222222222
2019-07-16T01:30, 10718.86, 10740.0, 10687.44, 10729.43, 10684.734444444446
2019-07-16T01:45, 10729.43, 10850.0, 10726.78, 10801.0, 10694.195555555556
2019-07-16T02:00, 10801.0, 10848.45, 10788.23, 10788.47, 10705.905555555555
2019-07-16T02:15, 10787.53, 10795.62, 10657.0, 10698.57, 10709.110000000002
2019-07-16T02:30, 10698.57, 10738.45, 10654.65, 10704.67, 10726.014444444443
2019-07-16T02:45, 10703.08, 10705.42, 10631.0, 10671.98, 10729.01222222222
2019-07-16T03:00, 10671.91, 10695.0, 10609.11, 10690.0, 10726.007777777777
2019-07-16T03:15, 10690.0, 10740.0, 10680.0, 10706.01, 10723.288888888888
2019-07-16T03:30, 10705.0, 10705.93, 10651.21, 10679.05, 10718.797777777778
2019-07-16T03:45, 10677.51, 10725.78, 10670.79, 10684.21, 10713.773333333333
2019-07-16T04:00, 10684.21, 10695.81, 10661.0, 10663.68, 10698.515555555554
2019-07-16T04:15, 10663.68, 10728.77, 10580.0, 10727.82, 10691.776666666665
2019-07-16T04:30, 10725.2, 10760.0, 10684.93, 10701.38, 10692.088888888891
2019-07-16T04:45, 10701.38, 10735.15, 10660.0, 10682.8, 10689.65888888889
2019-07-16T05:00, 10682.74, 10684.93, 10600.03, 10646.57, 10686.835555555557
2019-07-16T05:15, 10647.75, 10668.27, 10555.0, 10578.03, 10674.394444444442
2019-07-16T05:30, 10574.84, 10650.0, 10550.0, 10637.97, 10666.834444444443
2019-07-16T05:45, 10636.5, 10639.21, 10411.0, 10497.61, 10646.674444444445
2019-07-16T06:00, 10499.04, 10543.17, 10351.0, 10451.76, 10620.846666666665
2019-07-16T06:15, 10452.51, 10453.55, 10377.1, 10438.08, 10595.779999999999
2019-07-16T06:30, 10439.52, 10495.69, 10380.12, 10390.01, 10558.245555555555
2019-07-16T06:45, 10393.12, 10437.45, 10311.13, 10368.63, 10521.273333333334
2019-07-16T07:00, 10366.59, 10432.0, 10333.0, 10386.14, 10488.311111111112
2019-07-16T07:15, 10388.11, 10464.64, 10371.42, 10431.26, 10464.387777777778
2019-07-16T07:30, 10433.33, 10487.98, 10420.02, 10456.9, 10450.92888888889
2019-07-16T07:45, 10456.9, 10459.36, 10378.0, 10389.0, 10423.265555555556
2019-07-16T08:00, 10388.97, 10460.0, 10367.52, 10454.74, 10418.502222222223
2019-07-16T08:15, 10454.74, 10469.0, 10400.0, 10433.8, 10416.506666666668
2019-07-16T08:30, 10433.8, 10547.25, 10413.58, 10513.28, 10424.862222222224
2019-07-16T08:45, 10515.0, 10560.25, 10487.0, 10492.77, 10436.28
2019-07-16T09:00, 10492.77, 10496.15, 10065.08, 10116.61, 10408.277777777777
2019-07-16T09:15, 10118.73, 10159.0, 9890.0, 9986.59, 10363.883333333333
2019-07-16T09:30, 9986.63, 10090.8, 9950.0, 9969.67, 10312.595555555556
2019-07-16T09:45, 9969.78, 9990.0, 9900.0, 9920.21, 10252.963333333331
2019-07-16T10:00, 9923.85, 9930.0, 9543.21, 9703.29, 10176.773333333333
2019-07-16T10:15, 9701.15, 9701.15, 9501.0, 9656.85, 10088.11888888889
2019-07-16T10:30, 9662.25, 9683.96, 9511.13, 9655.0, 10001.585555555555
2019-07-16T10:45, 9653.29, 9708.06, 9619.2, 9679.95, 9908.993333333334
2019-07-16T11:00, 9681.45, 9789.0, 9673.46, 9715.89, 9822.673333333332
2019-07-16T11:15, 9719.98, 9728.5, 9645.32, 9687.81, 9775.028888888888
2019-07-16T11:30, 9688.06, 9714.99, 9591.71, 9694.13, 9742.533333333333
2019-07-16T11:45, 9687.42, 9695.09, 9560.02, 9594.3, 9700.825555555557
2019-07-16T12:00, 9597.84, 9658.16, 9561.46, 9637.14, 9669.373333333333
2019-07-16T12:15, 9634.12, 9664.99, 9580.0, 9595.98, 9657.449999999999
2019-07-16T12:30, 9593.35, 9643.57, 9550.68, 9640.05, 9655.583333333334
2019-07-16T12:45, 9643.56, 9699.97, 9640.02, 9694.73, 9659.997777777777
2019-07-16T13:00, 9694.73, 9695.0, 9616.6, 9661.86, 9657.987777777777
2019-07-16T13:15, 9661.81, 9679.0, 9626.8, 9665.58, 9652.397777777778
2019-07-16T13:30, 9665.56, 9792.08, 9660.04, 9759.47, 9660.36
2019-07-16T13:45, 9759.68, 9774.59, 9534.77, 9594.9, 9649.334444444445
2019-07-16T14:00, 9595.04, 9600.15, 9410.0, 9580.0, 9647.745555555555
2019-07-16T14:15, 9579.33, 9658.0, 9575.25, 9625.54, 9646.456666666665
2019-07-16T14:30, 9625.54, 9663.3, 9524.4, 9632.67, 9650.533333333333
2019-07-16T14:45, 9630.96, 9683.67, 9613.34, 9645.36, 9651.123333333333
2019-07-16T15:00, 9644.91, 9645.34, 9538.76, 9599.88, 9640.584444444445
2019-07-16T15:15, 9599.88, 9599.88, 9525.51, 9552.94, 9628.482222222221
2019-07-16T15:30, 9552.67, 9596.86, 9450.81, 9504.72, 9610.60888888889
2019-07-16T15:45, 9514.51, 9539.99, 9443.0, 9470.02, 9578.447777777777
2019-07-16T16:00, 9476.61, 9484.93, 9350.01, 9381.28, 9554.712222222222
2019-07-16T16:15, 9380.17, 9511.14, 9351.0, 9447.44, 9539.983333333334
2019-07-16T16:30, 9447.44, 9545.0, 9429.06, 9513.07, 9527.486666666668
2019-07-16T16:45, 9512.15, 9540.96, 9384.51, 9439.59, 9506.033333333333
2019-07-16T17:00, 9430.17, 9540.8, 9426.35, 9530.26, 9493.244444444445
2019-07-16T17:15, 9531.59, 9570.0, 9486.86, 9544.89, 9487.134444444444
2019-07-16T17:30, 9543.92, 9630.0, 9531.35, 9585.13, 9490.71111111111
2019-07-16T17:45, 9588.2, 9590.87, 9495.0, 9500.78, 9490.273333333336
2019-07-16T18:00, 9505.26, 9526.81, 9479.53, 9487.46, 9492.21111111111
2019-07-16T18:15, 9487.46, 9548.0, 9461.75, 9468.62, 9501.915555555555
2019-07-16T18:30, 9468.62, 9502.9, 9433.75, 9457.78, 9503.064444444442
2019-07-16T18:45, 9459.96, 9506.8, 9432.0, 9461.65, 9497.35111111111
2019-07-16T19:00, 9459.78, 9463.14, 9232.0, 9279.84, 9479.60111111111
2019-07-16T19:15, 9283.96, 9331.34, 9236.76, 9291.44, 9453.065555555555
2019-07-16T19:30, 9295.58, 9338.53, 9244.18, 9253.99, 9420.743333333334
2019-07-16T19:45, 9252.14, 9364.57, 9214.0, 9340.3, 9393.54
2019-07-16T20:00, 9340.52, 9450.0, 9339.0, 9371.34, 9379.157777777778
2019-07-16T20:15, 9371.32, 9405.14, 9340.0, 9343.08, 9363.115555555554
2019-07-16T20:30, 9342.02, 9411.07, 9338.0, 9408.55, 9356.441111111111
2019-07-16T20:45, 9410.64, 9460.0, 9394.81, 9399.45, 9349.96
2019-07-16T21:00, 9398.6, 9439.0, 9303.0, 9317.35, 9333.926666666666
2019-07-16T21:15, 9319.47, 9404.48, 9312.15, 9385.9, 9345.71111111111
2019-07-16T21:30, 9385.9, 9498.0, 9375.85, 9466.2, 9365.128888888888
2019-07-16T21:45, 9466.2, 9500.0, 9424.45, 9431.52, 9384.854444444445
2019-07-16T22:00, 9431.5, 9480.15, 9431.5, 9444.95, 9396.482222222221
2019-07-16T22:15, 9444.86, 9494.0, 9430.19, 9458.01, 9406.112222222222
2019-07-16T22:30, 9458.27, 9599.0, 9450.32, 9565.29, 9430.802222222223
2019-07-16T22:45, 9565.09, 9565.36, 9506.43, 9553.45, 9446.902222222223
2019-07-16T23:00, 9553.95, 9555.94, 9503.92, 9551.53, 9463.8
2019-07-16T23:15, 9551.81, 9589.0, 9520.9, 9530.79, 9487.515555555558
2019-07-16T23:30, 9530.79, 9580.0, 9514.0, 9559.93, 9506.85222222222
2019-07-16T23:45, 9558.04, 9578.14, 9515.38, 9519.0, 9512.718888888889
2019-07-17T00:00, 9518.71, 9519.99, 9435.37, 9437.68, 9513.403333333334
2019-07-17T00:15, 9438.46, 9500.32, 9435.02, 9496.94, 9519.18
2019-07-17T00:30, 9496.94, 9608.47, 9441.02, 9581.75, 9532.928888888891
2019-07-17T00:45, 9579.39, 9594.23, 9540.0, 9549.98, 9531.227777777778
2019-07-17T01:00, 9549.98, 9600.0, 9532.64, 9584.81, 9534.71222222222
2019-07-17T01:15, 9584.81, 9609.91, 9522.71, 9532.62, 9532.611111111111
2019-07-17T01:30, 9532.79, 9558.31, 9479.96, 9548.0, 9534.523333333333
2019-07-17T01:45, 9548.0, 9549.57, 9500.0, 9505.3, 9528.453333333333
2019-07-17T02:00, 9505.17, 9529.05, 9458.85, 9459.97, 9521.894444444444
2019-07-17T02:15, 9459.97, 9483.78, 9400.0, 9430.0, 9521.041111111112
2019-07-17T02:30, 9439.2, 9505.18, 9423.0, 9458.45, 9516.764444444445
2019-07-17T02:45, 9459.48, 9474.6, 9427.21, 9432.15, 9500.142222222223
2019-07-17T03:00, 9432.15, 9432.74, 9325.0, 9331.92, 9475.913333333332
2019-07-17T03:15, 9334.16, 9367.91, 9303.0, 9352.83, 9450.137777777776
2019-07-17T03:30, 9354.06, 9354.06, 9228.93, 9301.25, 9424.43
2019-07-17T03:45, 9302.79, 9364.65, 9245.26, 9356.85, 9403.191111111111
2019-07-17T04:00, 9355.0, 9390.96, 9322.75, 9326.04, 9383.273333333336
2019-07-17T04:15, 9327.67, 9342.77, 9234.0, 9241.43, 9358.991111111109
2019-07-17T04:30, 9236.79, 9245.0, 9100.0, 9143.48, 9327.155555555553
2019-07-17T04:45, 9143.48, 9220.37, 9060.0, 9157.02, 9293.663333333334
2019-07-17T05:00, 9157.04, 9218.0, 9060.0, 9183.38, 9266.022222222224
2019-07-17T05:15, 9183.39, 9332.7, 9137.81, 9310.02, 9263.588888888891
2019-07-17T05:30, 9310.02, 9480.0, 9271.58, 9448.08, 9274.172222222223
2019-07-17T05:45, 9444.08, 9498.13, 9415.04, 9450.03, 9290.703333333333
2019-07-17T06:00, 9451.04, 9519.69, 9431.0, 9432.33, 9299.09
2019-07-17T06:15, 9432.63, 9449.77, 9382.22, 9400.62, 9307.376666666667
2019-07-17T06:30, 9400.62, 9491.06, 9396.04, 9437.85, 9329.201111111111
2019-07-17T06:45, 9439.06, 9516.46, 9421.0, 9505.0, 9369.37
2019-07-17T07:00, 9506.29, 9635.0, 9500.0, 9550.0, 9413.034444444445
2019-07-17T07:15, 9550.0, 9638.39, 9539.68, 9617.96, 9461.321111111109
2019-07-17T07:30, 9614.75, 9619.15, 9544.02, 9573.76, 9490.625555555554
2019-07-17T07:45, 9576.72, 9716.34, 9573.8, 9679.37, 9516.324444444444
2019-07-17T08:00, 9679.37, 9684.99, 9601.0, 9666.07, 9540.328888888887
2019-07-17T08:15, 9666.07, 9805.0, 9660.0, 9766.57, 9577.466666666667
2019-07-17T08:30, 9766.57, 9788.51, 9726.49, 9760.02, 9617.400000000001
2019-07-17T08:45, 9760.02, 9763.1, 9659.45, 9720.2, 9648.772222222224
2019-07-17T09:00, 9720.01, 9861.99, 9680.18, 9710.76, 9671.634444444444
2019-07-17T09:15, 9710.76, 9780.0, 9633.42, 9741.36, 9692.896666666666
2019-07-17T09:30, 9741.36, 9752.2, 9666.64, 9690.35, 9700.94
2019-07-17T09:45, 9690.33, 9754.35, 9668.83, 9687.59, 9713.587777777779
2019-07-17T10:00, 9688.57, 9715.78, 9640.06, 9677.55, 9713.385555555556
2019-07-17T10:15, 9677.62, 9745.0, 9677.47, 9736.81, 9721.245555555557
2019-07-17T10:30, 9734.3, 9860.0, 9732.35, 9854.48, 9731.013333333332
2019-07-17T10:45, 9853.8, 9860.0, 9751.38, 9778.87, 9733.107777777775
2019-07-17T11:00, 9779.27, 9813.66, 9716.12, 9797.99, 9741.75111111111
2019-07-17T11:15, 9798.0, 9825.0, 9759.69, 9762.19, 9747.465555555556
2019-07-17T11:30, 9763.97, 9914.42, 9760.35, 9887.64, 9763.718888888889
2019-07-17T11:45, 9888.71, 9923.0, 9836.0, 9919.98, 9789.233333333332
2019-07-17T12:00, 9919.98, 9957.0, 9841.0, 9859.97, 9808.386666666665
2019-07-17T12:15, 9860.0, 9903.42, 9777.0, 9804.31, 9822.471111111112
2019-07-17T12:30, 9808.02, 9853.84, 9804.2, 9815.64, 9831.23
2019-07-17T12:45, 9815.64, 9854.0, 9700.0, 9731.54, 9817.57
2019-07-17T13:00, 9731.55, 9736.88, 9637.0, 9664.06, 9804.813333333334
2019-07-17T13:15, 9665.95, 9774.89, 9665.95, 9714.16, 9795.498888888887
2019-07-17T13:30, 9712.08, 9733.23, 9612.48, 9719.75, 9790.783333333333
2019-07-17T13:45, 9719.64, 9736.78, 9660.45, 9665.2, 9766.067777777776
2019-07-17T14:00, 9665.2, 9714.3, 9635.0, 9712.64, 9743.029999999999
2019-07-17T14:15, 9712.61, 9930.0, 9708.33, 9889.28, 9746.286666666665
2019-07-17T14:30, 9888.67, 9949.0, 9820.01, 9895.12, 9756.376666666665
2019-07-17T14:45, 9888.13, 9892.26, 9752.0, 9783.4, 9752.794444444442
2019-07-17T15:00, 9783.39, 9859.0, 9778.74, 9820.5, 9762.678888888888
2019-07-17T15:15, 9820.47, 9901.0, 9807.84, 9840.85, 9782.322222222223
2019-07-17T15:30, 9837.7, 9840.69, 9686.54, 9691.0, 9779.748888888891
2019-07-17T15:45, 9691.0, 9742.65, 9682.5, 9706.63, 9778.291111111112
2019-07-17T16:00, 9708.72, 9708.72, 9625.0, 9669.95, 9778.81888888889
2019-07-17T16:15, 9668.96, 9718.26, 9552.89, 9664.61, 9773.482222222221
2019-07-17T16:30, 9668.38, 9675.0, 9604.9, 9617.27, 9743.25888888889
2019-07-17T16:45, 9620.05, 9680.0, 9610.61, 9667.92, 9718.014444444445
2019-07-17T17:00, 9668.86, 9694.86, 9592.79, 9637.74, 9701.83
2019-07-17T17:15, 9631.16, 9695.0, 9575.4, 9588.13, 9676.011111111111
2019-07-17T17:30, 9588.15, 9622.98, 9521.0, 9567.69, 9645.660000000002
2019-07-17T17:45, 9567.69, 9607.87, 9550.0, 9599.23, 9635.463333333333
2019-07-17T18:00, 9599.23, 9656.27, 9599.22, 9600.0, 9623.615555555554
2019-07-17T18:15, 9601.26, 9784.56, 9599.23, 9737.73, 9631.146666666666
2019-07-17T18:30, 9742.0, 9805.0, 9736.41, 9764.63, 9642.26
2019-07-17T18:45, 9764.63, 9800.97, 9745.86, 9760.07, 9658.126666666669
2019-07-17T19:00, 9760.09, 9761.77, 9689.81, 9696.88, 9661.344444444445
2019-07-17T19:15, 9696.88, 9768.22, 9675.83, 9757.44, 9674.644444444444
2019-07-17T19:30, 9757.14, 9785.37, 9719.0, 9724.46, 9689.792222222222
2019-07-17T19:45, 9725.23, 9805.3, 9709.03, 9805.3, 9716.193333333335
2019-07-17T20:00, 9803.87, 9808.1, 9730.0, 9734.41, 9731.213333333333
2019-07-17T20:15, 9734.8, 9778.98, 9675.36, 9693.83, 9741.638888888889
2019-07-17T20:30, 9693.83, 9709.89, 9643.54, 9669.99, 9734.112222222224
2019-07-17T20:45, 9669.99, 9724.64, 9653.62, 9708.19, 9727.841111111113
2019-07-17T21:00, 9708.55, 9717.47, 9619.69, 9680.59, 9719.010000000002
2019-07-17T21:15, 9678.22, 9768.3, 9656.71, 9768.3, 9726.945555555554
2019-07-17T21:30, 9768.3, 9837.54, 9735.2, 9810.8, 9732.874444444446
2019-07-17T21:45, 9807.17, 9895.0, 9807.15, 9890.07, 9751.275555555556
2019-07-17T22:00, 9892.32, 9893.97, 9820.0, 9822.11, 9753.143333333333
2019-07-17T22:15, 9822.0, 9851.07, 9796.52, 9819.15, 9762.55888888889
2019-07-17T22:30, 9819.35, 9862.88, 9814.94, 9853.7, 9780.32222222222
2019-07-17T22:45, 9855.33, 9855.33, 9780.0, 9813.68, 9796.287777777778
2019-07-17T23:00, 9816.13, 9829.92, 9776.73, 9812.4, 9807.866666666665
2019-07-17T23:15, 9811.22, 9950.63, 9801.37, 9934.43, 9836.071111111109
2019-07-17T23:30, 9936.65, 9996.52, 9852.0, 9879.2, 9848.393333333333
2019-07-17T23:45, 9882.6, 9894.55, 9846.0, 9886.34, 9856.786666666667
2019-07-18T00:00, 9885.74, 9888.69, 9836.02, 9875.26, 9855.14111111111
2019-07-18T00:15, 9874.56, 9879.83, 9800.73, 9838.2, 9856.928888888888
2019-07-18T00:30, 9838.22, 9839.76, 9790.34, 9817.45, 9856.739999999998
2019-07-18T00:45, 9818.03, 9850.0, 9763.4, 9790.97, 9849.77
2019-07-18T01:00, 9788.61, 9850.0, 9775.37, 9822.9, 9850.794444444444
2019-07-18T01:15, 9825.81, 9829.49, 9731.98, 9753.82, 9844.285555555556
2019-07-18T01:30, 9753.82, 9792.86, 9730.87, 9783.26, 9827.488888888887
2019-07-18T01:45, 9783.33, 9789.0, 9659.14, 9707.13, 9808.37
2019-07-18T02:00, 9705.78, 9727.75, 9680.0, 9711.3, 9788.921111111113
2019-07-18T02:15, 9712.68, 9770.84, 9704.37, 9740.74, 9773.974444444446
2019-07-18T02:30, 9740.7, 9816.12, 9740.0, 9765.24, 9765.86777777778
2019-07-18T02:45, 9765.75, 9773.47, 9722.0, 9732.24, 9756.400000000001
2019-07-18T03:00, 9731.86, 9808.57, 9716.13, 9791.01, 9756.404444444444
2019-07-18T03:15, 9791.71, 9868.0, 9789.4, 9866.93, 9761.296666666665
2019-07-18T03:30, 9862.42, 9870.0, 9805.0, 9824.1, 9769.105555555558
2019-07-18T03:45, 9829.23, 9840.0, 9800.0, 9832.83, 9774.613333333335
2019-07-18T04:00, 9832.5, 9850.01, 9783.0, 9834.83, 9788.802222222223
2019-07-18T04:15, 9832.85, 9838.29, 9761.0, 9769.23, 9795.238888888889
2019-07-18T04:30, 9768.92, 9798.74, 9740.0, 9763.39, 9797.755555555554
2019-07-18T04:45, 9763.07, 9804.35, 9732.77, 9749.38, 9795.993333333334
2019-07-18T05:00, 9751.31, 9756.72, 9675.0, 9678.72, 9790.046666666669
2019-07-18T05:15, 9675.49, 9698.0, 9436.6, 9491.51, 9756.768888888888
2019-07-18T05:30, 9491.91, 9525.75, 9450.0, 9482.35, 9714.037777777778
2019-07-18T05:45, 9482.37, 9485.16, 9320.0, 9390.86, 9665.900000000001
2019-07-18T06:00, 9390.27, 9495.0, 9379.77, 9464.3, 9624.952222222222
2019-07-18T06:15, 9462.43, 9473.14, 9375.27, 9439.88, 9581.06888888889
2019-07-18T06:30, 9439.73, 9472.77, 9343.34, 9397.24, 9539.736666666668
2019-07-18T06:45, 9397.24, 9423.79, 9345.77, 9395.88, 9498.902222222223
2019-07-18T07:00, 9395.6, 9395.87, 9252.0, 9335.91, 9452.961111111112
2019-07-18T07:15, 9335.56, 9440.0, 9306.34, 9438.2, 9426.236666666668
2019-07-18T07:30, 9438.2, 10199.0, 9429.52, 10199.0, 9504.846666666666
2019-07-18T07:45, 10193.87, 10370.0, 10100.84, 10276.37, 9593.071111111109
2019-07-18T08:00, 10272.8, 10455.0, 10167.45, 10413.16, 9706.659999999998
2019-07-18T08:15, 10409.0, 10425.0, 10294.79, 10345.78, 9804.602222222222
2019-07-18T08:30, 10348.51, 10400.0, 10320.51, 10393.57, 9910.567777777776
2019-07-18T08:45, 10391.15, 10450.0, 10363.3, 10437.93, 10026.199999999999
2019-07-18T09:00, 10443.04, 10622.0, 10342.83, 10553.02, 10154.77111111111
2019-07-18T09:15, 10559.0, 10665.0, 10549.98, 10582.97, 10293.333333333334
2019-07-18T09:30, 10583.19, 10619.98, 10526.0, 10595.92, 10421.968888888889
2019-07-18T09:45, 10594.55, 10623.0, 10460.0, 10483.61, 10453.592222222222
2019-07-18T10:00, 10483.64, 10562.35, 10475.0, 10478.92, 10476.097777777779
2019-07-18T10:15, 10476.01, 10517.0, 10390.27, 10506.78, 10486.5
2019-07-18T10:30, 10506.76, 10577.0, 10469.38, 10514.76, 10505.275555555556
2019-07-18T10:45, 10514.76, 10554.99, 10500.78, 10517.92, 10519.092222222222
2019-07-18T11:00, 10515.35, 10576.92, 10476.0, 10501.97, 10526.207777777778
2019-07-18T11:15, 10500.09, 10580.0, 10491.73, 10541.72, 10524.952222222222
2019-07-18T11:30, 10532.25, 10599.0, 10513.11, 10532.48, 10519.342222222222
2019-07-18T11:45, 10533.73, 10725.0, 10465.0, 10491.69, 10507.761111111111
2019-07-18T12:00, 10491.7, 10566.0, 10450.01, 10452.26, 10504.277777777777
2019-07-18T12:15, 10456.17, 10566.89, 10452.23, 10539.92, 10511.055555555555
2019-07-18T12:30, 10539.82, 10609.0, 10470.87, 10513.89, 10511.845555555556
2019-07-18T12:45, 10517.09, 10536.0, 10470.0, 10486.53, 10508.70888888889
2019-07-18T13:00, 10492.54, 10591.22, 10484.38, 10549.81, 10512.252222222221
2019-07-18T13:15, 10545.75, 10626.41, 10543.41, 10623.87, 10525.796666666667
2019-07-18T13:30, 10623.87, 10642.1, 10521.96, 10571.11, 10529.062222222223
2019-07-18T13:45, 10575.86, 10585.5, 10538.7, 10576.0, 10533.897777777778
2019-07-18T14:00, 10573.69, 10617.0, 10568.55, 10615.69, 10547.675555555556
2019-07-18T14:15, 10615.71, 10699.98, 10574.82, 10592.55, 10563.263333333334
2019-07-18T14:30, 10593.34, 10630.54, 10520.0, 10543.69, 10563.682222222222
2019-07-18T14:45, 10542.04, 10572.0, 10472.84, 10565.24, 10569.387777777778
2019-07-18T15:00, 10565.39, 10594.0, 10516.25, 10521.0, 10573.217777777778
2019-07-18T15:15, 10522.78, 10579.46, 10480.0, 10545.97, 10572.791111111112
2019-07-18T15:30, 10544.63, 10594.0, 10544.63, 10562.65, 10565.988888888889
2019-07-18T15:45, 10565.97, 10577.98, 10530.0, 10572.7, 10566.165555555555
2019-07-18T16:00, 10572.0, 10650.0, 10570.0, 10643.91, 10573.71111111111
2019-07-18T16:15, 10636.98, 10710.0, 10618.89, 10658.18, 10578.432222222224
2019-07-18T16:30, 10659.17, 10720.22, 10616.37, 10715.0, 10592.037777777778
2019-07-18T16:45, 10715.0, 10788.0, 10581.3, 10627.16, 10601.312222222223
2019-07-18T17:00, 10628.64, 10673.7, 10550.0, 10592.7, 10604.363333333335
2019-07-18T17:15, 10592.7, 10624.79, 10571.43, 10590.99, 10612.14
2019-07-18T17:30, 10591.0, 10655.99, 10590.79, 10640.83, 10622.68
2019-07-18T17:45, 10643.56, 10659.98, 10602.25, 10649.49, 10632.32888888889
2019-07-18T18:00, 10651.06, 10706.93, 10620.96, 10634.32, 10639.175555555554
2019-07-18T18:15, 10633.51, 10677.0, 10583.26, 10608.66, 10635.258888888891
2019-07-18T18:30, 10603.1, 10628.2, 10562.22, 10575.65, 10626.088888888888
2019-07-18T18:45, 10576.23, 10593.98, 10520.3, 10545.0, 10607.199999999999
2019-07-18T19:00, 10545.0, 10596.6, 10490.1, 10574.47, 10601.345555555556
2019-07-18T19:15, 10574.45, 10675.11, 10570.17, 10592.8, 10601.356666666667
2019-07-18T19:30, 10596.34, 10620.0, 10573.93, 10594.42, 10601.737777777778
2019-07-18T19:45, 10593.65, 10628.04, 10582.36, 10591.21, 10596.224444444444
2019-07-18T20:00, 10591.43, 10648.77, 10590.19, 10628.3, 10593.87
2019-07-18T20:15, 10628.23, 10630.04, 10576.22, 10586.16, 10588.518888888888
2019-07-18T20:30, 10586.16, 10615.9, 10550.81, 10562.55, 10583.395555555555
2019-07-18T20:45, 10561.07, 10582.45, 10514.3, 10577.81, 10583.635555555556
2019-07-18T21:00, 10575.8, 10582.0, 10503.86, 10535.99, 10582.634444444446
2019-07-18T21:15, 10536.55, 10565.49, 10521.13, 10537.12, 10578.484444444444
2019-07-18T21:30, 10537.12, 10568.11, 10520.0, 10525.63, 10571.021111111111
2019-07-18T21:45, 10525.51, 10525.64, 10363.38, 10433.85, 10553.18
2019-07-18T22:00, 10433.99, 10479.99, 10428.64, 10457.82, 10538.35888888889
2019-07-18T22:15, 10455.81, 10478.6, 10406.04, 10407.14, 10513.785555555554
2019-07-18T22:30, 10411.56, 10476.19, 10380.59, 10474.8, 10501.412222222221
2019-07-18T22:45, 10474.0, 10530.0, 10474.0, 10484.2, 10492.706666666665
2019-07-18T23:00, 10483.56, 10546.35, 10468.53, 10537.22, 10488.196666666665
2019-07-18T23:15, 10537.22, 10543.72, 10464.64, 10492.38, 10483.351111111111
2019-07-18T23:30, 10491.1, 10492.98, 10442.98, 10474.94, 10476.442222222224
2019-07-18T23:45, 10472.31, 10481.35, 10430.92, 10456.97, 10468.813333333334
2019-07-19T00:00, 10454.6, 10461.77, 10399.0, 10426.91, 10468.042222222222
2019-07-19T00:15, 10426.76, 10510.0, 10422.95, 10478.0, 10470.284444444444
2019-07-19T00:30, 10478.0, 10481.62, 10431.21, 10446.96, 10474.70888888889
2019-07-19T00:45, 10440.9, 10645.0, 10440.36, 10600.29, 10488.652222222221
2019-07-19T01:00, 10599.32, 10769.71, 10599.32, 10635.95, 10505.513333333334
2019-07-19T01:15, 10636.4, 10663.65, 10267.79, 10354.78, 10485.242222222221
2019-07-19T01:30, 10355.31, 10415.94, 10299.87, 10340.0, 10468.311111111112
2019-07-19T01:45, 10340.0, 10380.0, 10210.39, 10348.57, 10454.269999999999
2019-07-19T02:00, 10348.52, 10365.0, 10284.42, 10290.27, 10435.747777777777
2019-07-19T02:15, 10292.0, 10334.6, 10242.35, 10323.0, 10424.202222222222
2019-07-19T02:30, 10323.0, 10388.0, 10285.0, 10354.7, 10410.502222222223
2019-07-19T02:45, 10355.29, 10373.0, 10297.7, 10344.09, 10399.072222222221
2019-07-19T03:00, 10343.64, 10349.67, 10290.0, 10336.94, 10369.811111111112
2019-07-19T03:15, 10336.94, 10340.0, 10265.39, 10274.97, 10329.702222222222
2019-07-19T03:30, 10275.0, 10375.72, 10240.0, 10374.74, 10331.92
2019-07-19T03:45, 10370.7, 10375.0, 10263.83, 10323.65, 10330.103333333334
2019-07-19T04:00, 10321.6, 10367.93, 10300.0, 10357.49, 10331.094444444445
2019-07-19T04:15, 10355.22, 10397.87, 10270.0, 10328.76, 10335.371111111112
2019-07-19T04:30, 10328.74, 10330.88, 10266.78, 10273.72, 10329.895555555555
2019-07-19T04:45, 10271.15, 10320.0, 10263.83, 10282.65, 10321.89
2019-07-19T05:00, 10282.77, 10650.0, 10215.0, 10581.25, 10348.24111111111
2019-07-19T05:15, 10581.27, 10592.74, 10452.23, 10484.98, 10364.689999999999
2019-07-19T05:30, 10485.18, 10510.22, 10440.0, 10483.16, 10387.822222222223
2019-07-19T05:45, 10484.64, 10511.0, 10466.19, 10474.71, 10398.93
2019-07-19T06:00, 10474.4, 10483.33, 10121.84, 10190.82, 10384.171111111113
2019-07-19T06:15, 10190.0, 10320.0, 10171.0, 10287.43, 10376.386666666667
2019-07-19T06:30, 10288.51, 10474.0, 10265.0, 10334.71, 10377.047777777778
2019-07-19T06:45, 10335.01, 10360.0, 10300.0, 10303.0, 10380.30111111111
2019-07-19T07:00, 10303.59, 10426.8, 10263.0, 10320.84, 10384.544444444444
2019-07-19T07:15, 10315.02, 10377.64, 10300.0, 10316.14, 10355.087777777777
2019-07-19T07:30, 10320.87, 10365.72, 10280.0, 10336.02, 10338.536666666667
2019-07-19T07:45, 10337.47, 10440.0, 10282.24, 10321.17, 10320.537777777778
2019-07-19T08:00, 10323.99, 10367.33, 10305.78, 10328.05, 10304.242222222223
2019-07-19T08:15, 10328.03, 10412.0, 10320.08, 10377.78, 10325.015555555556
2019-07-19T08:30, 10378.01, 10440.18, 10343.72, 10361.71, 10333.26888888889
2019-07-19T08:45, 10364.37, 10417.22, 10345.0, 10417.22, 10342.436666666666
2019-07-19T09:00, 10417.22, 10420.68, 10300.81, 10338.43, 10346.373333333331
2019-07-19T09:15, 10341.69, 10367.74, 10328.98, 10328.98, 10347.277777777776
2019-07-19T09:30, 10329.98, 10420.0, 10321.0, 10368.34, 10353.077777777777
2019-07-19T09:45, 10370.0, 10390.0, 10332.34, 10367.57, 10356.583333333334
2019-07-19T10:00, 10367.73, 10399.0, 10350.77, 10373.07, 10362.349999999999
2019-07-19T10:15, 10372.7, 10404.14, 10361.69, 10390.48, 10369.286666666667
2019-07-19T10:30, 10390.34, 10478.0, 10386.43, 10440.0, 10376.199999999999
2019-07-19T10:45, 10439.98, 10469.99, 10410.0, 10410.0, 10381.565555555555
2019-07-19T11:00, 10411.5, 10449.45, 10405.26, 10417.43, 10381.588888888888
2019-07-19T11:15, 10415.13, 10430.0, 10360.87, 10383.53, 10386.599999999999
2019-07-19T11:30, 10382.67, 10400.77, 10335.0, 10379.17, 10392.176666666666
2019-07-19T11:45, 10380.02, 10399.0, 10366.0, 10380.67, 10393.546666666667
2019-07-19T12:00, 10381.71, 10432.77, 10372.52, 10404.35, 10397.633333333335
2019-07-19T12:15, 10402.02, 10425.4, 10390.02, 10392.76, 10399.82111111111
2019-07-19T12:30, 10395.66, 10415.0, 10362.33, 10370.0, 10397.545555555555
2019-07-19T12:45, 10372.71, 10405.0, 10356.05, 10393.6, 10392.39
2019-07-19T13:00, 10391.96, 10440.0, 10381.77, 10424.54, 10394.005555555557
2019-07-19T13:15, 10424.66, 10461.0, 10390.0, 10460.0, 10398.735555555555
2019-07-19T13:30, 10460.0, 10529.98, 10442.0, 10494.58, 10411.074444444444
2019-07-19T13:45, 10494.41, 10509.37, 10457.08, 10507.84, 10425.371111111112
2019-07-19T14:00, 10507.83, 10560.55, 10507.83, 10523.79, 10441.273333333333
2019-07-19T14:15, 10523.73, 10523.73, 10468.01, 10486.64, 10450.416666666668
2019-07-19T14:30, 10485.42, 10534.84, 10459.03, 10530.01, 10465.666666666666
2019-07-19T14:45, 10530.01, 10550.0, 10515.15, 10544.01, 10485.001111111109
2019-07-19T15:00, 10544.03, 10576.92, 10501.47, 10515.83, 10498.582222222223
2019-07-19T15:15, 10515.84, 10540.0, 10515.0, 10537.99, 10511.187777777779
2019-07-19T15:30, 10537.42, 10537.88, 10450.92, 10474.62, 10512.812222222223
2019-07-19T15:45, 10474.26, 10480.94, 10435.84, 10464.99, 10509.524444444445
2019-07-19T16:00, 10464.99, 10550.0, 10464.99, 10509.39, 10509.696666666667
2019-07-19T16:15, 10508.14, 10540.0, 10500.21, 10536.15, 10511.07
2019-07-19T16:30, 10535.23, 10540.99, 10485.0, 10487.41, 10511.155555555555
2019-07-19T16:45, 10486.02, 10519.27, 10470.86, 10504.29, 10508.297777777778
2019-07-19T17:00, 10505.78, 10544.0, 10503.12, 10505.8, 10504.052222222224
2019-07-19T17:15, 10505.76, 10560.0, 10503.12, 10533.43, 10506.007777777779
2019-07-19T17:30, 10533.51, 10588.0, 10450.0, 10493.74, 10501.09111111111
2019-07-19T17:45, 10493.74, 10546.0, 10415.5, 10449.86, 10498.34
2019-07-19T18:00, 10451.68, 10485.67, 10350.0, 10400.6, 10491.185555555558
2019-07-19T18:15, 10404.75, 10446.0, 10376.93, 10439.61, 10483.432222222222
2019-07-19T18:30, 10440.0, 10457.47, 10422.49, 10434.6, 10472.14888888889
2019-07-19T18:45, 10434.16, 10440.55, 10413.0, 10433.58, 10466.167777777779
2019-07-19T19:00, 10433.58, 10478.5, 10432.0, 10477.59, 10463.201111111111
2019-07-19T19:15, 10474.57, 10491.01, 10445.3, 10467.57, 10458.953333333331
2019-07-19T19:30, 10467.53, 10500.0, 10453.2, 10485.33, 10453.608888888888
2019-07-19T19:45, 10486.69, 10537.3, 10482.77, 10504.92, 10454.851111111111
2019-07-19T20:00, 10504.3, 10553.02, 10500.05, 10521.12, 10462.768888888888
2019-07-19T20:15, 10519.85, 10543.0, 10486.97, 10510.08, 10474.933333333334
2019-07-19T20:30, 10509.17, 10537.38, 10499.98, 10510.11, 10482.766666666666
2019-07-19T20:45, 10509.7, 10528.76, 10494.0, 10507.49, 10490.865555555556
2019-07-19T21:00, 10507.49, 10528.28, 10492.4, 10497.34, 10497.95
2019-07-19T21:15, 10497.34, 10501.42, 10460.0, 10495.89, 10499.983333333334
2019-07-19T21:30, 10497.17, 10620.0, 10491.69, 10575.18, 10511.939999999999
2019-07-19T21:45, 10570.63, 10605.97, 10550.05, 10604.92, 10525.227777777778
2019-07-19T22:00, 10605.33, 10608.07, 10560.01, 10597.45, 10535.508888888888
2019-07-19T22:15, 10596.42, 10607.17, 10570.13, 10605.87, 10544.925555555556
2019-07-19T22:30, 10605.87, 10619.0, 10569.0, 10585.17, 10553.268888888888
2019-07-19T22:45, 10584.89, 10584.97, 10529.55, 10575.08, 10560.487777777778
2019-07-19T23:00, 10575.08, 10590.95, 10556.83, 10581.12, 10568.66888888889
2019-07-19T23:15, 10580.0, 10605.04, 10560.12, 10598.71, 10579.93222222222
2019-07-19T23:30, 10598.6, 10606.93, 10573.25, 10588.66, 10590.24
2019-07-19T23:45, 10588.31, 10602.83, 10570.0, 10597.98, 10592.773333333334
2019-07-20T00:00, 10596.29, 10689.0, 10585.64, 10634.1, 10596.015555555556
2019-07-20T00:15, 10634.15, 10645.0, 10520.0, 10553.03, 10591.08
2019-07-20T00:30, 10550.84, 10619.89, 10536.19, 10569.57, 10587.046666666669
2019-07-20T00:45, 10568.72, 10597.3, 10545.43, 10560.04, 10584.254444444445
2019-07-20T01:00, 10558.94, 10564.71, 10531.0, 10552.96, 10581.796666666665
2019-07-20T01:15, 10551.21, 10562.15, 10497.0, 10530.98, 10576.225555555553
2019-07-20T01:30, 10531.89, 10569.37, 10531.02, 10559.93, 10571.916666666666
2019-07-20T01:45, 10557.39, 10559.98, 10522.02, 10548.92, 10567.50111111111
2019-07-20T02:00, 10549.16, 10579.99, 10546.65, 10559.83, 10563.262222222223
2019-07-20T02:15, 10559.15, 10606.38, 10557.12, 10595.81, 10559.007777777779
2019-07-20T02:30, 10595.81, 10600.0, 10564.21, 10567.87, 10560.656666666666
2019-07-20T02:45, 10567.85, 10574.97, 10553.08, 10554.2, 10558.948888888888
2019-07-20T03:00, 10555.26, 10560.0, 10531.15, 10550.0, 10557.833333333334
2019-07-20T03:15, 10549.82, 10616.69, 10529.0, 10566.02, 10559.284444444445
2019-07-20T03:30, 10566.01, 10577.76, 10543.0, 10560.5, 10562.564444444444
2019-07-20T03:45, 10562.6, 10587.31, 10556.77, 10567.18, 10563.370000000003
2019-07-20T04:00, 10569.38, 10570.0, 10463.13, 10465.67, 10554.12
2019-07-20T04:15, 10465.67, 10503.98, 10433.01, 10502.33, 10547.731111111112
2019-07-20T04:30, 10502.43, 10506.31, 10464.87, 10484.37, 10535.34888888889
2019-07-20T04:45, 10484.32, 10600.0, 10482.07, 10571.65, 10535.768888888888
2019-07-20T05:00, 10568.2, 10618.06, 10525.51, 10558.92, 10536.293333333331
2019-07-20T05:15, 10558.85, 10571.13, 10534.87, 10567.05, 10538.187777777777
2019-07-20T05:30, 10567.05, 10575.0, 10516.82, 10525.81, 10533.720000000001
2019-07-20T05:45, 10523.78, 10545.36, 10500.0, 10520.01, 10529.22111111111
2019-07-20T06:00, 10518.37, 10581.78, 10502.0, 10571.83, 10529.737777777778
2019-07-20T06:15, 10569.4, 10700.0, 10515.0, 10551.94, 10539.323333333332
2019-07-20T06:30, 10550.65, 10565.0, 10462.02, 10526.46, 10542.004444444445
2019-07-20T06:45, 10525.0, 10551.0, 10495.0, 10525.16, 10546.536666666669
2019-07-20T07:00, 10527.6, 10561.28, 10519.1, 10546.89, 10543.785555555556
2019-07-20T07:15, 10547.0, 10577.08, 10525.0, 10561.58, 10544.081111111112
2019-07-20T07:30, 10561.67, 10586.79, 10544.08, 10575.0, 10544.964444444446
2019-07-20T07:45, 10575.49, 10598.9, 10562.21, 10596.6, 10552.83
2019-07-20T08:00, 10595.75, 10597.0, 10551.0, 10558.31, 10557.085555555555
2019-07-20T08:15, 10558.31, 10595.0, 10546.94, 10578.09, 10557.781111111111
2019-07-20T08:30, 10575.24, 10645.24, 10565.0, 10580.82, 10560.99
2019-07-20T08:45, 10579.48, 10639.77, 10566.0, 10615.46, 10570.878888888887
2019-07-20T09:00, 10613.43, 10665.0, 10565.01, 10592.68, 10578.38111111111
2019-07-20T09:15, 10592.68, 10665.0, 10590.47, 10638.31, 10588.53888888889
2019-07-20T09:30, 10638.32, 10691.56, 10628.01, 10685.02, 10602.254444444443
2019-07-20T09:45, 10684.98, 10832.0, 10658.57, 10781.27, 10625.173333333334
2019-07-20T10:00, 10780.3, 10995.0, 10760.19, 10885.17, 10657.236666666668
2019-07-20T10:15, 10888.28, 10940.0, 10860.0, 10886.4, 10693.691111111111
2019-07-20T10:30, 10888.95, 10920.67, 10821.02, 10839.55, 10722.742222222221
2019-07-20T10:45, 10840.87, 10888.13, 10833.17, 10866.22, 10754.453333333333
2019-07-20T11:00, 10862.93, 10904.83, 10861.77, 10904.83, 10786.605555555556
2019-07-20T11:15, 10904.83, 10921.69, 10879.97, 10887.15, 10819.324444444444
2019-07-20T11:30, 10886.23, 10941.16, 10886.2, 10920.43, 10850.671111111113
2019-07-20T11:45, 10920.43, 10924.81, 10891.83, 10900.67, 10874.63222222222
2019-07-20T12:00, 10902.0, 10907.0, 10850.0, 10875.66, 10885.12
2019-07-20T12:15, 10876.55, 10894.96, 10855.02, 10875.09, 10884.0
2019-07-20T12:30, 10874.06, 10907.09, 10852.0, 10884.02, 10883.735555555555
2019-07-20T12:45, 10883.24, 10912.33, 10868.41, 10898.66, 10890.303333333333
2019-07-20T13:00, 10898.66, 10928.51, 10886.02, 10886.03, 10892.504444444445
2019-07-20T13:15, 10887.63, 10927.0, 10872.69, 10875.1, 10889.201111111113
2019-07-20T13:30, 10875.1, 10890.0, 10866.0, 10881.82, 10888.60888888889
2019-07-20T13:45, 10880.02, 10904.88, 10861.24, 10903.23, 10886.69777777778
2019-07-20T14:00, 10904.12, 10909.45, 10855.0, 10860.15, 10882.195555555554
2019-07-20T14:15, 10860.15, 10898.0, 10859.84, 10897.0, 10884.566666666666
2019-07-20T14:30, 10895.05, 10917.93, 10895.0, 10917.93, 10889.326666666668
2019-07-20T14:45, 10917.93, 10927.96, 10900.0, 10925.39, 10893.923333333332
2019-07-20T15:00, 10926.49, 10950.0, 10895.0, 10907.09, 10894.86
2019-07-20T15:15, 10907.09, 10938.53, 10885.7, 10934.88, 10900.287777777778
2019-07-20T15:30, 10934.88, 10949.9, 10909.83, 10948.16, 10908.405555555557
2019-07-20T15:45, 10948.35, 10977.43, 10914.7, 10973.0, 10918.536666666667
2019-07-20T16:00, 10971.41, 11068.99, 10941.0, 11003.68, 10929.697777777777
2019-07-20T16:15, 11003.71, 11022.0, 10905.0, 10938.75, 10938.431111111111
2019-07-20T16:30, 10937.2, 10961.89, 10770.0, 10790.37, 10926.583333333334
2019-07-20T16:45, 10790.37, 10790.37, 10656.85, 10740.23, 10906.83888888889
2019-07-20T17:00, 10740.27, 10765.85, 10650.21, 10751.59, 10887.527777777776
2019-07-20T17:15, 10751.59, 10787.42, 10740.0, 10757.31, 10870.885555555555
2019-07-20T17:30, 10758.84, 10817.9, 10752.49, 10800.0, 10855.898888888889
2019-07-20T17:45, 10800.0, 10809.03, 10752.06, 10776.63, 10836.84
2019-07-20T18:00, 10776.59, 10809.01, 10751.85, 10799.67, 10817.58111111111
2019-07-20T18:15, 10800.0, 10810.63, 10762.91, 10770.95, 10791.722222222223
2019-07-20T18:30, 10770.95, 10779.95, 10746.07, 10769.41, 10772.906666666668
2019-07-20T18:45, 10767.82, 10796.55, 10756.89, 10793.86, 10773.294444444444
2019-07-20T19:00, 10793.81, 10794.83, 10637.5, 10685.6, 10767.224444444444
2019-07-20T19:15, 10687.9, 10730.0, 10663.06, 10680.63, 10759.340000000002
2019-07-20T19:30, 10681.91, 10694.95, 10601.0, 10675.9, 10750.294444444446
2019-07-20T19:45, 10676.72, 10690.0, 10603.4, 10634.8, 10731.938888888888
2019-07-20T20:00, 10632.73, 10634.0, 10550.0, 10599.11, 10712.214444444444
2019-07-20T20:15, 10596.1, 10615.91, 10559.81, 10611.13, 10691.265555555556
2019-07-20T20:30, 10612.26, 10615.29, 10585.3, 10610.55, 10673.443333333335
2019-07-20T20:45, 10609.6, 10614.0, 10565.94, 10575.15, 10651.858888888888
2019-07-20T21:00, 10577.36, 10663.42, 10530.0, 10640.47, 10634.815555555553
2019-07-20T21:15, 10636.58, 10645.67, 10605.02, 10641.76, 10629.944444444443
2019-07-20T21:30, 10640.93, 10661.47, 10624.16, 10659.99, 10627.65111111111
2019-07-20T21:45, 10659.2, 10667.33, 10625.53, 10633.37, 10622.925555555556
2019-07-20T22:00, 10633.21, 10633.23, 10592.65, 10628.0, 10622.17
2019-07-20T22:15, 10627.5, 10649.39, 10611.22, 10618.08, 10624.277777777777
2019-07-20T22:30, 10617.92, 10627.95, 10580.53, 10589.34, 10621.856666666667
2019-07-20T22:45, 10589.39, 10610.0, 10555.49, 10569.92, 10617.342222222222
2019-07-20T23:00, 10570.23, 10622.09, 10539.77, 10619.29, 10622.246666666666
2019-07-20T23:15, 10616.87, 10626.16, 10590.0, 10613.75, 10619.277777777777
2019-07-20T23:30, 10613.69, 10630.0, 10580.51, 10592.04, 10613.753333333334
2019-07-20T23:45, 10592.77, 10609.15, 10580.0, 10588.72, 10605.834444444445
2019-07-21T00:00, 10589.58, 10612.15, 10565.87, 10594.43, 10601.507777777779
2019-07-21T00:15, 10593.71, 10633.66, 10585.9, 10631.53, 10601.900000000001
2019-07-21T00:30, 10631.53, 10638.05, 10593.42, 10598.05, 10599.674444444445
2019-07-21T00:45, 10599.03, 10600.0, 10568.41, 10582.45, 10598.90888888889
2019-07-21T01:00, 10581.54, 10687.09, 10460.01, 10623.68, 10604.882222222222
2019-07-21T01:15, 10620.42, 10692.08, 10597.09, 10657.23, 10609.097777777777
2019-07-21T01:30, 10657.02, 10690.74, 10636.2, 10690.0, 10617.57
2019-07-21T01:45, 10684.24, 10693.74, 10652.0, 10673.0, 10626.565555555555
2019-07-21T02:00, 10673.0, 10719.23, 10668.85, 10683.11, 10637.053333333333
2019-07-21T02:15, 10683.11, 10745.98, 10680.99, 10713.99, 10650.337777777779
2019-07-21T02:30, 10716.27, 10728.38, 10687.62, 10719.0, 10660.056666666667
2019-07-21T02:45, 10719.99, 10724.1, 10675.55, 10677.87, 10668.925555555556
2019-07-21T03:00, 10677.87, 10678.25, 10573.17, 10616.33, 10672.69
2019-07-21T03:15, 10616.42, 10630.0, 10528.34, 10585.13, 10668.406666666668
2019-07-21T03:30, 10587.38, 10596.98, 10550.0, 10578.2, 10659.625555555556
2019-07-21T03:45, 10579.0, 10580.0, 10510.0, 10555.29, 10644.657777777778
2019-07-21T04:00, 10553.89, 10582.0, 10513.17, 10571.09, 10633.334444444445
2019-07-21T04:15, 10571.09, 10614.55, 10556.7, 10559.95, 10619.65
2019-07-21T04:30, 10560.0, 10585.46, 10538.03, 10581.81, 10604.963333333333
2019-07-21T04:45, 10583.4, 10596.49, 10550.0, 10585.11, 10590.086666666666
2019-07-21T05:00, 10585.11, 10592.0, 10551.76, 10589.11, 10580.224444444444
2019-07-21T05:15, 10589.02, 10590.75, 10525.97, 10548.41, 10572.677777777779
2019-07-21T05:30, 10547.31, 10582.51, 10516.11, 10576.94, 10571.767777777779
2019-07-21T05:45, 10570.57, 10582.13, 10556.15, 10564.83, 10570.282222222224
2019-07-21T06:00, 10564.83, 10567.56, 10512.0, 10542.93, 10568.908888888887
2019-07-21T06:15, 10542.93, 10596.0, 10480.0, 10590.11, 10571.022222222222
2019-07-21T06:30, 10590.34, 10596.43, 10526.55, 10568.62, 10571.985555555557
2019-07-21T06:45, 10568.62, 10572.38, 10530.0, 10535.06, 10566.79111111111
2019-07-21T07:00, 10535.08, 10560.19, 10514.62, 10532.53, 10560.948888888888
2019-07-21T07:15, 10532.4, 10550.0, 10371.4, 10415.76, 10541.687777777777
2019-07-21T07:30, 10415.76, 10470.0, 10379.0, 10405.14, 10525.768888888888
2019-07-21T07:45, 10405.2, 10425.36, 10334.0, 10393.7, 10505.408888888887
2019-07-21T08:00, 10394.87, 10430.69, 10340.0, 10365.36, 10483.245555555555
2019-07-21T08:15, 10367.61, 10435.33, 10358.03, 10418.05, 10469.37
2019-07-21T08:30, 10419.77, 10420.43, 10372.21, 10391.28, 10447.277777777777
2019-07-21T08:45, 10391.64, 10472.81, 10383.05, 10444.56, 10433.493333333334
2019-07-21T09:00, 10443.54, 10471.36, 10392.18, 10397.72, 10418.233333333334
2019-07-21T09:15, 10399.85, 10430.0, 10380.79, 10391.59, 10402.573333333334
2019-07-21T09:30, 10390.85, 10404.13, 10351.0, 10402.02, 10401.046666666667
2019-07-21T09:45, 10404.12, 10405.23, 10344.44, 10354.16, 10395.382222222222
2019-07-21T10:00, 10355.64, 10440.0, 10288.0, 10399.0, 10395.971111111112
2019-07-21T10:15, 10400.0, 10401.91, 10357.06, 10374.78, 10397.017777777779
2019-07-21T10:30, 10374.76, 10402.89, 10333.0, 10392.27, 10394.153333333334
2019-07-21T10:45, 10392.15, 10420.0, 10372.09, 10418.58, 10397.186666666668
2019-07-21T11:00, 10418.58, 10469.7, 10380.11, 10469.7, 10399.98
2019-07-21T11:15, 10469.87, 10515.36, 10452.98, 10504.7, 10411.866666666667
2019-07-21T11:30, 10503.61, 10509.33, 10457.24, 10467.22, 10420.269999999999
2019-07-21T11:45, 10468.82, 10495.0, 10447.04, 10494.08, 10430.49888888889
2019-07-21T12:00, 10492.21, 10515.0, 10465.32, 10485.92, 10445.138888888889
2019-07-21T12:15, 10485.75, 10497.98, 10450.39, 10452.01, 10451.028888888888
2019-07-21T12:30, 10454.02, 10456.44, 10350.0, 10412.43, 10455.212222222222
2019-07-21T12:45, 10410.92, 10434.76, 10360.0, 10406.53, 10456.796666666665
2019-07-21T13:00, 10407.3, 10480.05, 10385.0, 10451.65, 10460.47111111111
2019-07-21T13:15, 10449.73, 10520.0, 10432.03, 10493.67, 10463.134444444444
2019-07-21T13:30, 10493.67, 10499.98, 10470.01, 10491.3, 10461.645555555555
2019-07-21T13:45, 10490.39, 10520.0, 10451.67, 10496.78, 10464.93
2019-07-21T14:00, 10501.08, 10600.0, 10487.61, 10552.92, 10471.467777777776
2019-07-21T14:15, 10550.67, 10596.5, 10549.7, 10595.39, 10483.63111111111
2019-07-21T14:30, 10595.39, 10596.5, 10560.97, 10584.03, 10498.3
2019-07-21T14:45, 10582.1, 10585.35, 10553.09, 10556.09, 10514.26222222222
2019-07-21T15:00, 10556.01, 10649.88, 10552.89, 10599.07, 10535.655555555555
2019-07-21T15:15, 10593.93, 10634.22, 10584.05, 10588.96, 10550.912222222221
2019-07-21T15:30, 10589.0, 10592.09, 10550.0, 10565.85, 10558.93222222222
2019-07-21T15:45, 10566.36, 10570.0, 10506.0, 10552.29, 10565.70888888889
2019-07-21T16:00, 10551.76, 10580.0, 10528.14, 10543.89, 10570.943333333335
2019-07-21T16:15, 10546.13, 10570.0, 10533.0, 10548.6, 10570.463333333333
2019-07-21T16:30, 10547.64, 10640.0, 10545.29, 10609.14, 10571.99111111111
2019-07-21T16:45, 10607.86, 10624.79, 10566.87, 10589.45, 10572.593333333332
2019-07-21T17:00, 10590.15, 10683.16, 10586.99, 10660.17, 10584.157777777777
2019-07-21T17:15, 10656.92, 10663.7, 10600.01, 10606.83, 10585.019999999999
2019-07-21T17:30, 10611.61, 10620.0, 10567.25, 10586.83, 10584.783333333333
2019-07-21T17:45, 10585.76, 10596.88, 10552.0, 10592.81, 10587.778888888888
2019-07-21T18:00, 10592.81, 10605.74, 10576.99, 10604.0, 10593.524444444445
2019-07-21T18:15, 10601.3, 10617.77, 10572.0, 10576.42, 10597.138888888889
2019-07-21T18:30, 10576.45, 10590.0, 10554.73, 10584.08, 10601.081111111112
2019-07-21T18:45, 10585.43, 10596.0, 10564.17, 10579.46, 10597.783333333335
2019-07-21T19:00, 10579.4, 10599.06, 10575.11, 10575.72, 10596.257777777779
2019-07-21T19:15, 10575.72, 10598.65, 10560.17, 10586.45, 10588.066666666666
2019-07-21T19:30, 10587.0, 10626.0, 10587.0, 10608.6, 10588.263333333332
2019-07-21T19:45, 10606.03, 10633.0, 10601.42, 10619.55, 10591.89888888889
2019-07-21T20:00, 10619.55, 10627.03, 10588.91, 10592.38, 10591.851111111113
2019-07-21T20:15, 10593.73, 10642.85, 10591.32, 10632.75, 10595.045555555556
2019-07-21T20:30, 10635.04, 10639.43, 10602.44, 10604.59, 10598.175555555556
2019-07-21T20:45, 10605.66, 10621.75, 10603.95, 10614.74, 10601.582222222223
2019-07-21T21:00, 10613.47, 10642.66, 10551.0, 10571.71, 10600.72111111111
2019-07-21T21:15, 10571.7, 10579.79, 10531.01, 10554.94, 10598.412222222225
2019-07-21T21:30, 10555.29, 10576.73, 10511.94, 10560.44, 10595.522222222222
2019-07-21T21:45, 10560.42, 10577.06, 10550.0, 10556.53, 10589.736666666668
2019-07-21T22:00, 10556.57, 10595.0, 10511.0, 10566.86, 10583.882222222222
2019-07-21T22:15, 10567.0, 10600.0, 10562.17, 10572.21, 10581.641111111114
2019-07-21T22:30, 10572.23, 10575.28, 10560.0, 10573.36, 10575.04222222222
2019-07-21T22:45, 10573.42, 10603.43, 10571.75, 10588.08, 10573.207777777778
2019-07-21T23:00, 10588.13, 10636.91, 10585.23, 10626.53, 10574.517777777779
2019-07-21T23:15, 10629.29, 10640.0, 10600.23, 10609.98, 10578.769999999999
2019-07-21T23:30, 10610.77, 10614.72, 10584.07, 10594.15, 10583.126666666667
2019-07-21T23:45, 10594.15, 10611.09, 10585.0, 10597.15, 10587.205555555554
2019-07-22T00:00, 10597.15, 10604.15, 10575.0, 10582.06, 10590.04222222222
2019-07-22T00:15, 10580.51, 10587.57, 10575.58, 10580.02, 10591.504444444445
2019-07-22T00:30, 10581.53, 10618.0, 10580.1, 10612.0, 10595.925555555556
2019-07-22T00:45, 10610.03, 10620.57, 10584.17, 10603.21, 10599.242222222221
2019-07-22T01:00, 10603.39, 10620.0, 10580.0, 10580.04, 10598.34888888889
2019-07-22T01:15, 10581.14, 10594.25, 10545.72, 10550.96, 10589.952222222222
2019-07-22T01:30, 10552.37, 10567.76, 10545.74, 10560.0, 10584.398888888889
2019-07-22T01:45, 10560.0, 10567.0, 10543.02, 10559.1, 10580.504444444445
2019-07-22T02:00, 10562.94, 10565.88, 10531.62, 10535.33, 10573.635555555556
2019-07-22T02:15, 10534.74, 10534.89, 10457.28, 10470.57, 10561.247777777779
2019-07-22T02:30, 10470.95, 10500.0, 10443.0, 10474.59, 10549.533333333333
2019-07-22T02:45, 10472.04, 10488.28, 10441.16, 10452.89, 10531.854444444443
2019-07-22T03:00, 10456.01, 10474.2, 10407.3, 10459.98, 10515.939999999999
2019-07-22T03:15, 10460.16, 10485.05, 10451.9, 10458.56, 10502.442222222222
2019-07-22T03:30, 10456.75, 10536.42, 10446.0, 10481.47, 10494.72111111111
2019-07-22T03:45, 10487.66, 10517.72, 10481.47, 10493.05, 10487.282222222222
2019-07-22T04:00, 10492.23, 10525.0, 10484.86, 10485.0, 10479.048888888889
2019-07-22T04:15, 10485.02, 10489.97, 10461.47, 10467.42, 10471.503333333334
2019-07-22T04:30, 10469.91, 10590.46, 10428.03, 10547.62, 10480.064444444442
2019-07-22T04:45, 10553.8, 10620.0, 10539.68, 10562.0, 10489.776666666665
2019-07-22T05:00, 10559.64, 10588.0, 10531.14, 10538.37, 10499.274444444443
2019-07-22T05:15, 10538.35, 10574.3, 10479.99, 10506.88, 10504.485555555555
2019-07-22T05:30, 10505.87, 10520.36, 10461.0, 10487.03, 10507.648888888889
2019-07-22T05:45, 10486.98, 10537.0, 10484.89, 10530.0, 10513.041111111112
2019-07-22T06:00, 10530.0, 10550.0, 10502.51, 10513.92, 10515.36
2019-07-22T06:15, 10514.29, 10529.87, 10480.0, 10496.64, 10516.653333333334
2019-07-22T06:30, 10495.3, 10515.15, 10479.59, 10480.0, 10518.051111111112
2019-07-22T06:45, 10479.61, 10514.85, 10479.0, 10494.5, 10512.148888888889
2019-07-22T07:00, 10492.67, 10526.57, 10475.0, 10514.91, 10506.916666666666
2019-07-22T07:15, 10513.75, 10549.95, 10502.41, 10512.51, 10504.043333333333
2019-07-22T07:30, 10511.25, 10516.49, 10221.3, 10289.92, 10479.936666666666
2019-07-22T07:45, 10289.92, 10298.53, 10167.1, 10220.0, 10450.266666666666
2019-07-22T08:00, 10220.0, 10288.14, 10168.25, 10264.68, 10420.786666666669
2019-07-22T08:15, 10264.68, 10350.14, 10230.0, 10296.83, 10396.665555555555
2019-07-22T08:30, 10296.64, 10296.65, 10230.0, 10259.48, 10370.314444444442
2019-07-22T08:45, 10259.27, 10277.23, 10237.13, 10238.43, 10343.473333333332
2019-07-22T09:00, 10240.81, 10293.25, 10219.27, 10277.2, 10319.32888888889
2019-07-22T09:15, 10277.74, 10316.0, 10268.01, 10282.54, 10293.51
2019-07-22T09:30, 10282.56, 10285.25, 10220.0, 10257.97, 10265.22777777778
2019-07-22T09:45, 10257.97, 10285.0, 10240.82, 10243.82, 10260.105555555558
2019-07-22T10:00, 10245.47, 10263.53, 10188.79, 10238.71, 10262.184444444441
2019-07-22T10:15, 10240.81, 10430.0, 10238.62, 10353.05, 10272.003333333334
2019-07-22T10:30, 10352.5, 10389.0, 10323.23, 10331.45, 10275.849999999999
2019-07-22T10:45, 10332.34, 10374.22, 10328.55, 10356.14, 10286.59
2019-07-22T11:00, 10354.59, 10354.59, 10292.82, 10336.94, 10297.535555555554
2019-07-22T11:15, 10335.39, 10338.05, 10258.0, 10277.08, 10297.522222222222
2019-07-22T11:30, 10276.83, 10317.32, 10265.0, 10313.04, 10300.911111111112
2019-07-22T11:45, 10312.58, 10312.58, 10274.86, 10292.93, 10304.795555555556
2019-07-22T12:00, 10294.47, 10330.38, 10269.4, 10325.18, 10313.835555555554
2019-07-22T12:15, 10325.98, 10329.0, 10291.59, 10304.83, 10321.182222222222
2019-07-22T12:30, 10304.83, 10307.32, 10100.0, 10101.65, 10293.24888888889
2019-07-22T12:45, 10113.83, 10195.0, 10100.0, 10162.66, 10274.494444444445
2019-07-22T13:00, 10163.75, 10352.0, 10125.0, 10252.06, 10262.93
2019-07-22T13:15, 10252.75, 10327.94, 10236.1, 10312.13, 10260.173333333334
2019-07-22T13:30, 10313.37, 10393.0, 10278.12, 10295.57, 10262.22777777778
2019-07-22T13:45, 10295.33, 10355.52, 10288.0, 10352.69, 10266.633333333335
2019-07-22T14:00, 10350.01, 10384.47, 10336.76, 10370.67, 10275.271111111111
2019-07-22T14:15, 10370.69, 10394.0, 10346.83, 10368.13, 10280.043333333333
2019-07-22T14:30, 10366.96, 10380.18, 10256.08, 10291.43, 10278.554444444444
2019-07-22T14:45, 10290.0, 10330.0, 10276.94, 10294.74, 10300.00888888889
2019-07-22T15:00, 10293.39, 10390.0, 10246.56, 10341.38, 10319.866666666667
2019-07-22T15:15, 10341.38, 10377.97, 10330.0, 10341.2, 10329.771111111111
2019-07-22T15:30, 10340.93, 10341.89, 10295.0, 10332.39, 10332.022222222222
2019-07-22T15:45, 10330.01, 10334.91, 10281.52, 10300.0, 10332.514444444443
2019-07-22T16:00, 10300.01, 10340.0, 10295.66, 10308.38, 10327.591111111113
2019-07-22T16:15, 10308.38, 10364.95, 10306.72, 10346.27, 10324.88
2019-07-22T16:30, 10347.89, 10375.0, 10331.43, 10354.0, 10323.310000000001
2019-07-22T16:45, 10353.79, 10361.61, 10324.81, 10340.31, 10328.74111111111
2019-07-22T17:00, 10343.08, 10343.97, 10301.0, 10333.0, 10332.992222222221
2019-07-22T17:15, 10333.02, 10333.68, 10274.91, 10308.73, 10329.364444444444
2019-07-22T17:30, 10309.51, 10311.3, 10203.05, 10233.62, 10317.411111111109
2019-07-22T17:45, 10230.98, 10287.77, 10221.6, 10269.49, 10310.422222222222
2019-07-22T18:00, 10269.49, 10271.91, 10216.79, 10244.05, 10304.205555555556
2019-07-22T18:15, 10239.85, 10259.8, 10224.0, 10250.69, 10297.795555555556
2019-07-22T18:30, 10253.24, 10270.0, 10242.02, 10267.44, 10289.036666666667
2019-07-22T18:45, 10267.44, 10267.44, 10221.22, 10235.34, 10275.852222222222
2019-07-22T19:00, 10235.34, 10262.98, 10235.0, 10241.38, 10264.86
2019-07-22T19:15, 10242.2, 10300.0, 10224.52, 10267.95, 10257.632222222222
2019-07-22T19:30, 10269.14, 10290.0, 10243.31, 10270.89, 10253.427777777779
2019-07-22T19:45, 10270.93, 10309.56, 10267.53, 10289.48, 10259.634444444446
2019-07-22T20:00, 10287.19, 10313.48, 10273.22, 10289.96, 10261.908888888887
2019-07-22T20:15, 10289.94, 10299.77, 10273.13, 10282.0, 10266.125555555556
2019-07-22T20:30, 10282.0, 10305.6, 10275.29, 10291.39, 10270.647777777778
2019-07-22T20:45, 10290.05, 10292.19, 10250.38, 10255.54, 10269.325555555555
2019-07-22T21:00, 10255.11, 10259.33, 10233.71, 10235.29, 10269.32
2019-07-22T21:15, 10237.63, 10259.33, 10206.55, 10211.3, 10265.977777777778
2019-07-22T21:30, 10211.3, 10249.98, 10200.11, 10227.44, 10261.476666666667
2019-07-22T21:45, 10225.11, 10258.87, 10225.11, 10235.72, 10257.56888888889
2019-07-22T22:00, 10237.81, 10258.76, 10235.75, 10241.71, 10252.261111111111
2019-07-22T22:15, 10241.61, 10243.99, 10173.0, 10189.24, 10241.070000000002
2019-07-22T22:30, 10190.51, 10216.95, 10133.98, 10145.55, 10225.908888888891
2019-07-22T22:45, 10146.23, 10181.98, 10116.66, 10164.33, 10211.791111111112
2019-07-22T23:00, 10164.0, 10205.99, 10137.8, 10143.96, 10199.393333333333
2019-07-22T23:15, 10144.3, 10147.26, 10035.0, 10080.86, 10182.234444444444
2019-07-22T23:30, 10078.38, 10097.0, 9970.0, 10055.13, 10164.882222222224
2019-07-22T23:45, 10053.67, 10070.33, 9984.01, 10047.6, 10144.900000000001
2019-07-23T00:00, 10047.13, 10230.89, 10020.02, 10133.09, 10133.496666666666
2019-07-23T00:15, 10133.09, 10140.21, 10035.11, 10054.2, 10112.662222222221
2019-07-23T00:30, 10050.33, 10070.0, 10000.0, 10029.6, 10094.924444444443
2019-07-23T00:45, 10029.58, 10094.37, 10014.81, 10041.62, 10083.376666666667
2019-07-23T01:00, 10041.61, 10100.0, 10027.65, 10086.95, 10074.778888888888
2019-07-23T01:15, 10087.01, 10102.9, 10003.51, 10015.41, 10060.495555555555
2019-07-23T01:30, 10018.42, 10045.01, 9961.21, 9982.5, 10049.566666666668
2019-07-23T01:45, 9982.5, 10020.97, 9913.12, 9955.95, 10038.546666666669
2019-07-23T02:00, 9959.76, 9996.0, 9920.0, 9947.93, 10027.472222222223
2019-07-23T02:15, 9946.7, 10001.12, 9923.03, 9989.77, 10011.547777777778
2019-07-23T02:30, 9992.63, 10028.0, 9965.54, 10020.0, 10007.747777777777
2019-07-23T02:45, 10017.35, 10024.7, 9976.55, 9991.42, 10003.505555555554
2019-07-23T03:00, 9991.42, 10040.0, 9986.0, 9986.4, 9997.369999999999
2019-07-23T03:15, 9987.54, 9994.64, 9964.05, 9982.5, 9985.764444444443
2019-07-23T03:30, 9980.21, 9980.21, 9922.83, 9925.3, 9975.752222222223
2019-07-23T03:45, 9927.59, 10028.0, 9883.0, 10002.23, 9977.944444444445
2019-07-23T04:00, 10003.43, 10065.0, 9995.27, 10024.33, 9985.542222222222
2019-07-23T04:15, 10023.3, 10055.27, 10006.56, 10008.09, 9992.226666666666
2019-07-23T04:30, 10010.51, 10047.25, 10006.6, 10043.42, 9998.187777777777
2019-07-23T04:45, 10043.77, 10046.36, 10008.0, 10025.0, 9998.743333333332
2019-07-23T05:00, 10025.0, 10045.87, 9982.92, 9992.19, 9998.82888888889
2019-07-23T05:15, 9992.19, 10010.0, 9956.93, 9982.79, 9998.427777777779
2019-07-23T05:30, 9985.31, 10005.47, 9971.38, 10001.11, 10000.495555555557
2019-07-23T05:45, 10002.66, 10013.46, 9985.02, 9991.32, 10007.831111111112
2019-07-23T06:00, 9993.91, 10008.27, 9937.92, 9966.99, 10003.915555555555
2019-07-23T06:15, 9967.58, 9979.6, 9906.0, 9919.36, 9992.252222222225
2019-07-23T06:30, 9919.36, 9946.43, 9870.58, 9905.67, 9980.872222222222
2019-07-23T06:45, 9905.35, 9989.17, 9904.01, 9959.78, 9971.57888888889
2019-07-23T07:00, 9956.47, 9959.99, 9900.0, 9912.18, 9959.043333333335
2019-07-23T07:15, 9912.18, 9983.56, 9889.57, 9963.74, 9955.882222222224
2019-07-23T07:30, 9963.74, 10018.27, 9963.69, 9985.94, 9956.232222222223
2019-07-23T07:45, 9986.0, 9996.57, 9962.52, 9989.45, 9954.936666666666
2019-07-23T08:00, 9988.18, 10068.0, 9965.89, 9993.76, 9955.207777777776
2019-07-23T08:15, 9995.54, 10003.83, 9954.02, 9966.35, 9955.136666666665
2019-07-23T08:30, 9966.35, 9991.74, 9950.0, 9959.64, 9959.612222222224
2019-07-23T08:45, 9959.98, 9980.0, 9920.62, 9932.36, 9962.577777777777
2019-07-23T09:00, 9930.59, 9979.03, 9900.0, 9956.93, 9962.261111111111
2019-07-23T09:15, 9957.72, 9965.0, 9911.47, 9931.82, 9964.443333333333
2019-07-23T09:30, 9933.28, 10009.0, 9906.0, 9986.75, 9967.0
2019-07-23T09:45, 9986.77, 10020.0, 9962.23, 9988.75, 9967.312222222223
2019-07-23T10:00, 9988.73, 10025.51, 9986.6, 10012.02, 9969.82
2019-07-23T10:15, 10013.32, 10015.0, 9977.0, 9983.01, 9968.625555555556
2019-07-23T10:30, 9984.15, 9996.85, 9964.0, 9981.15, 9970.269999999999
2019-07-23T10:45, 9980.87, 10013.19, 9980.0, 10013.19, 9976.22
2019-07-23T11:00, 10013.2, 10118.64, 10002.52, 10092.26, 9993.986666666668
2019-07-23T11:15, 10097.23, 10123.62, 10060.0, 10111.92, 10011.207777777778
2019-07-23T11:30, 10114.47, 10179.0, 10083.01, 10105.47, 10030.502222222223
2019-07-23T11:45, 10109.94, 10111.15, 10077.0, 10096.7, 10042.718888888889
2019-07-23T12:00, 10096.71, 10145.4, 10089.0, 10094.04, 10054.417777777779
2019-07-23T12:15, 10095.89, 10110.46, 10050.0, 10105.99, 10064.858888888888
2019-07-23T12:30, 10106.01, 10159.42, 10106.01, 10143.19, 10082.65666666667
2019-07-23T12:45, 10144.58, 10154.99, 10128.53, 10149.29, 10101.338888888891
2019-07-23T13:00, 10147.69, 10227.98, 10146.58, 10192.0, 10121.206666666669
2019-07-23T13:15, 10193.16, 10223.66, 10171.01, 10183.6, 10131.355555555558
2019-07-23T13:30, 10183.17, 10199.0, 10167.27, 10185.4, 10139.519999999999
2019-07-23T13:45, 10185.48, 10199.8, 10135.48, 10146.63, 10144.093333333334
2019-07-23T14:00, 10142.55, 10147.54, 10095.09, 10125.98, 10147.346666666666
2019-07-23T14:15, 10125.95, 10145.0, 10125.95, 10130.84, 10151.435555555556
2019-07-23T14:30, 10130.84, 10131.33, 10084.67, 10093.01, 10149.993333333332
2019-07-23T14:45, 10093.95, 10126.89, 10085.61, 10124.26, 10147.889999999998
2019-07-23T15:00, 10123.43, 10143.65, 10096.13, 10105.49, 10143.023333333333
2019-07-23T15:15, 10103.54, 10140.34, 10103.27, 10126.37, 10135.731111111112
2019-07-23T15:30, 10126.9, 10128.07, 10055.0, 10074.2, 10123.575555555555
2019-07-23T15:45, 10074.16, 10103.0, 10016.0, 10031.04, 10106.424444444445
2019-07-23T16:00, 10031.04, 10034.05, 9950.0, 9953.69, 10084.986666666668
2019-07-23T16:15, 9954.05, 9980.51, 9822.0, 9869.93, 10056.536666666665
2019-07-23T16:30, 9864.73, 9896.73, 9835.0, 9878.23, 10028.468888888887
2019-07-23T16:45, 9878.49, 9919.4, 9825.63, 9864.91, 10003.124444444446
2019-07-23T17:00, 9864.78, 9870.22, 9666.0, 9680.76, 9953.846666666668
2019-07-23T17:15, 9683.21, 9745.84, 9634.22, 9744.88, 9913.77888888889
2019-07-23T17:30, 9744.88, 9744.99, 9675.0, 9724.14, 9869.086666666666
2019-07-23T17:45, 9722.9, 9741.0, 9690.0, 9691.56, 9826.57111111111
2019-07-23T18:00, 9693.81, 9735.11, 9685.0, 9711.34, 9791.048888888889
2019-07-23T18:15, 9709.91, 9719.67, 9680.0, 9700.21, 9762.884444444444
2019-07-23T18:30, 9700.21, 9725.57, 9690.09, 9709.69, 9745.08
2019-07-23T18:45, 9709.97, 9725.07, 9695.99, 9701.41, 9725.433333333332
2019-07-23T19:00, 9701.41, 9701.89, 9615.0, 9661.58, 9702.84111111111
2019-07-23T19:15, 9661.17, 9677.65, 9623.46, 9662.1, 9700.767777777779
2019-07-23T19:30, 9661.48, 9697.0, 9660.87, 9695.94, 9695.330000000002
2019-07-23T19:45, 9695.94, 9729.0, 9690.16, 9703.61, 9693.04888888889
2019-07-23T20:00, 9703.62, 9704.99, 9677.08, 9682.41, 9692.032222222222
2019-07-23T20:15, 9682.39, 9698.07, 9664.7, 9696.14, 9690.343333333334
2019-07-23T20:30, 9697.42, 9699.99, 9669.0, 9673.24, 9687.346666666668
2019-07-23T20:45, 9673.31, 9677.85, 9627.01, 9650.84, 9680.807777777778
2019-07-23T21:00, 9650.0, 9675.04, 9603.3, 9643.66, 9674.391111111112
2019-07-23T21:15, 9646.01, 9659.72, 9593.06, 9615.05, 9669.221111111112
2019-07-23T21:30, 9615.05, 9632.66, 9595.26, 9616.19, 9664.120000000003
2019-07-23T21:45, 9616.87, 9665.34, 9616.87, 9650.66, 9659.088888888891
2019-07-23T22:00, 9650.68, 9663.79, 9632.0, 9650.9, 9653.232222222223
2019-07-23T22:15, 9650.9, 9688.39, 9636.35, 9671.9, 9652.064444444442
2019-07-23T22:30, 9670.9, 9692.74, 9655.99, 9682.52, 9650.55111111111
2019-07-23T22:45, 9682.52, 9778.23, 9677.45, 9703.79, 9653.945555555556
2019-07-23T23:00, 9705.63, 9754.25, 9702.77, 9754.25, 9665.435555555558
2019-07-23T23:15, 9751.6, 9775.65, 9720.0, 9720.02, 9673.920000000002
2019-07-23T23:30, 9720.02, 9725.26, 9677.99, 9685.5, 9681.747777777777
2019-07-23T23:45, 9683.83, 9704.47, 9680.41, 9697.49, 9690.781111111111
2019-07-24T00:00, 9697.49, 9733.81, 9697.49, 9713.24, 9697.734444444446
2019-07-24T00:15, 9713.14, 9716.25, 9680.83, 9682.98, 9701.298888888889
2019-07-24T00:30, 9682.98, 9693.42, 9661.77, 9690.68, 9703.385555555556
2019-07-24T00:45, 9691.43, 9715.35, 9684.03, 9710.82, 9706.529999999999
2019-07-24T01:00, 9711.85, 9742.84, 9694.71, 9732.0, 9709.664444444446
2019-07-24T01:15, 9732.0, 9797.0, 9727.4, 9772.09, 9711.646666666666
2019-07-24T01:30, 9773.3, 9787.18, 9734.13, 9755.83, 9715.625555555554
2019-07-24T01:45, 9756.75, 9774.0, 9740.0, 9757.8, 9723.65888888889
2019-07-24T02:00, 9757.47, 9785.63, 9730.0, 9731.88, 9727.480000000001
2019-07-24T02:15, 9731.86, 9756.48, 9715.4, 9747.65, 9731.303333333333
2019-07-24T02:30, 9745.07, 9753.84, 9731.01, 9733.38, 9736.903333333334
2019-07-24T02:45, 9731.88, 9778.0, 9731.88, 9767.61, 9745.451111111111
2019-07-24T03:00, 9766.81, 9779.0, 9746.23, 9749.03, 9749.696666666667
2019-07-24T03:15, 9749.04, 9780.1, 9745.52, 9756.83, 9752.455555555554
2019-07-24T03:30, 9755.12, 9758.64, 9685.0, 9694.3, 9743.812222222223
2019-07-24T03:45, 9695.92, 9713.11, 9660.0, 9700.13, 9737.623333333333
2019-07-24T04:00, 9701.63, 9702.48, 9619.49, 9642.02, 9724.75888888889
2019-07-24T04:15, 9646.0, 9751.0, 9627.8, 9730.97, 9724.657777777778
2019-07-24T04:30, 9731.0, 9733.53, 9679.46, 9699.77, 9719.337777777777
2019-07-24T04:45, 9698.42, 9731.9, 9684.5, 9721.48, 9718.015555555556
2019-07-24T05:00, 9721.5, 9756.28, 9707.78, 9711.85, 9711.82
2019-07-24T05:15, 9712.99, 9747.0, 9711.88, 9717.85, 9708.355555555558
2019-07-24T05:30, 9717.09, 9752.8, 9695.84, 9746.68, 9707.22777777778
2019-07-24T05:45, 9746.68, 9780.0, 9725.01, 9752.1, 9713.650000000001
2019-07-24T06:00, 9752.1, 9799.99, 9734.73, 9737.7, 9717.824444444444
2019-07-24T06:15, 9738.89, 9748.2, 9709.8, 9728.02, 9727.38
2019-07-24T06:30, 9728.02, 9730.51, 9675.72, 9683.63, 9722.12
2019-07-24T06:45, 9683.7, 9719.71, 9672.2, 9709.96, 9723.252222222225
2019-07-24T07:00, 9709.81, 9713.41, 9667.03, 9692.93, 9720.08
2019-07-24T07:15, 9691.52, 9835.41, 9678.0, 9819.67, 9732.06
2019-07-24T07:30, 9819.1, 9909.0, 9816.61, 9853.79, 9747.164444444443
2019-07-24T07:45, 9850.53, 9872.0, 9824.06, 9869.89, 9760.854444444447
2019-07-24T08:00, 9871.7, 9937.0, 9855.59, 9915.27, 9778.984444444444
2019-07-24T08:15, 9915.31, 9918.8, 9868.18, 9897.29, 9796.716666666667
2019-07-24T08:30, 9897.29, 9899.98, 9868.69, 9885.84, 9814.252222222221
2019-07-24T08:45, 9884.94, 9925.7, 9882.97, 9911.66, 9839.588888888888
2019-07-24T09:00, 9911.67, 9928.74, 9791.0, 9797.96, 9849.366666666669
2019-07-24T09:15, 9797.95, 9801.31, 9525.0, 9624.96, 9841.814444444442
2019-07-24T09:30, 9622.28, 9624.7, 9550.0, 9573.9, 9814.506666666666
2019-07-24T09:45, 9573.86, 9626.5, 9573.0, 9583.0, 9784.418888888888
2019-07-24T10:00, 9583.0, 9671.75, 9560.0, 9651.77, 9760.183333333332
2019-07-24T10:15, 9652.2, 9652.2, 9603.87, 9641.75, 9729.792222222222
2019-07-24T10:30, 9640.68, 9650.0, 9603.09, 9605.44, 9697.364444444444
2019-07-24T10:45, 9604.69, 9642.0, 9602.0, 9615.84, 9667.364444444444
2019-07-24T11:00, 9618.54, 9688.0, 9602.89, 9651.88, 9638.5
2019-07-24T11:15, 9653.27, 9666.0, 9634.98, 9652.16, 9622.300000000001
2019-07-24T11:30, 9651.47, 9664.0, 9630.0, 9630.82, 9622.951111111111
2019-07-24T11:45, 9630.79, 9652.74, 9622.0, 9642.82, 9630.60888888889
2019-07-24T12:00, 9642.8, 9698.0, 9572.0, 9670.59, 9640.341111111113
2019-07-24T12:15, 9670.57, 9698.0, 9651.84, 9672.99, 9642.69888888889
2019-07-24T12:30, 9674.06, 9698.0, 9670.0, 9672.18, 9646.08
2019-07-24T12:45, 9672.16, 9692.0, 9640.41, 9650.99, 9651.141111111112
2019-07-24T13:00, 9650.97, 9725.0, 9624.34, 9637.99, 9653.602222222224
2019-07-24T13:15, 9638.03, 9649.0, 9595.95, 9627.79, 9650.925555555557
2019-07-24T13:30, 9629.07, 9643.98, 9607.0, 9609.45, 9646.18
2019-07-24T13:45, 9609.82, 9623.22, 9566.29, 9595.88, 9642.297777777778
